10000 0.6645409031819629053217113 0.002356217464088789393522605
15000 0.6655423143513828909689778 0.001926471624576823549537807
20000 0.6654400233864015135054615 0.001662089761108959118374173
25000 0.668469464525272671906464 0.001482716067036971268472412
30000 0.6673179366995898309511404 0.00136231600823191289877101
35000 0.6665982885220383957758372 0.001258620957773512417585127
40000 0.6670982449383295875833255 0.001172646742893604550339592
45000 0.6657300289541653315339431 0.001109942781989789375302058
50000 0.6682583981762337810295094 0.001051946174860526666758331
55000 0.6682500047599699843914323 0.0010007563788704044484279
60000 0.6673751737890468715974635 0.0009607994580322693671872725
65000 0.6652379544614808182245724 0.0009283829815456030995143855
70000 0.666643034865277539502415 0.000892943215160119964368679
75000 0.6659649409424639454613271 0.0008605323857468036470586004
80000 0.667830965367956275180461 0.0008319906883883122902453855
85000 0.665939872798603449410848 0.0008086700100340209716731632
90000 0.6651515647034087486133558 0.0007873606591197217707475686
95000 0.6670807733438058884090083 0.0007654825164394562500222441
