10000 1.349731803046082090347113 0.02779403684047995065631298
12500 1.47934699374013534090011 0.08195550514223308435912685
15000 1.521800116114022660696037 0.1203851096751596960743314
17500 1.339754606203605646896904 0.02743990309218005338443014
20000 1.4023975569441127220216 0.03927091875592961939256398
22500 1.349367894689828650811592 0.01892578397344681778724507
25000 1.420386661485382839842373 0.04684781164510641582321426
27500 1.367300475240955215383565 0.01750303706144134066602369
30000 1.407711710648991587646606 0.03220157409764627665094139
32500 1.387843647315796014041211 0.02945391271612634448429091
35000 1.345947973757857463183996 0.01404392282185704457497799
37500 1.694126092297552510501646 0.3316702790749826434968384
40000 1.383100418371213002899367 0.01511683674872991642312847
42500 1.3801163103147764399381 0.02634807634026199718579875
45000 1.392577810236079294270439 0.027775958557840374485437
47500 1.412536048688971979103712 0.03757462485123140571996458
50000 1.406331721799787271010018 0.01856299628595553183330047
52500 1.418422858590798529832 0.02853224012955049571083066
55000 1.377680974432964111642264 0.02391732784948773574140723
57500 1.419643478800306946041587 0.02413267414627499191093207
60000 1.359777459011941358468789 0.01123153317575291409990967
62500 1.393752863978410916345752 0.02496815307094693917044914
65000 1.354381261319319795788374 0.01135528431219758917214424
67500 1.383748232802067379410005 0.01499241057600930390747429
70000 1.393161286962461442584527 0.02113351270907862580750169
72500 1.359269396126819628989324 0.0125453989203477001002085
75000 1.363431557521009640510101 0.01409540005776285277738769
77500 1.4343076536983607738307 0.03727387750048668374480698
80000 1.359206670525429982987475 0.01095678394127737841079462
82500 1.38511410553109581833553 0.0234642783256934044089359
85000 1.367108567670508589841916 0.01262968217669174948725175
87500 1.387210991933202075543363 0.01881155108693522912122198
90000 1.350948698687482130154081 0.01014901349158879584333448
92500 1.423176575041835922874611 0.03468170373909897769015842
95000 1.395705933940986076535751 0.01985612382948788792735861
97500 1.371918055642146860861885 0.01234845512268204631434187
