-3 0.0984251 -0.979684 -0.880871 -0.989992
-2.875 0.226926 -0.959365 -0.957043 -0.964674
-2.75 0.354857 -0.922976 -1.03108 -0.924302
-2.625 0.478233 -0.870841 -1.10177 -0.869507
-2.5 0.593381 -0.803762 -1.16796 -0.801144
-2.375 0.69715 -0.722971 -1.22859 -0.720278
-2.25 0.787071 -0.630052 -1.28267 -0.628174
-2.125 0.861446 -0.526852 -1.32938 -0.526266
-2 0.919366 -0.415377 -1.36803 -0.416147
-1.875 0.960639 -0.297705 -1.39805 -0.299534
-1.75 0.985651 -0.175896 -1.41904 -0.178246
-1.625 0.995179 -0.0519375 -1.43074 -0.0541771
-1.5 0.990167 0.072293 -1.43299 0.0707372
-1.375 0.971523 0.195036 -1.42577 0.194548
-1.25 0.939952 0.314636 -1.40916 0.315322
-1.125 0.895868 0.429503 -1.38336 0.431177
-1 0.839391 0.538086 -1.34868 0.540302
-0.875 0.770448 0.638832 -1.30552 0.640997
-0.75 0.688954 0.730175 -1.25445 0.731689
-0.625 0.595048 0.810552 -1.19615 0.810963
-0.5 0.489359 0.878445 -1.13143 0.877583
-0.375 0.373243 0.932456 -1.06127 0.930508
-0.25 0.248955 0.971414 -0.986755 0.968912
-0.125 0.11967 0.994486 -0.909083 0.992198
0 -0.0107143 1.00129 -0.829518 1
0.125 -0.138085 0.991934 -0.749341 0.992198
0.25 -0.258932 0.967038 -0.6698 0.968912
0.375 -0.371277 0.927558 -0.592078 0.930508
0.5 -0.475268 0.87457 -0.517291 0.877583
0.625 -0.572898 0.809007 -0.446523 0.810963
0.75 -0.666549 0.731508 -0.380899 0.731689
0.875 -0.756822 0.642505 -0.321641 0.640997
1 -0.840848 0.542558 -0.27008 0.540302
1.125 -0.912426 0.43281 -0.227561 0.431177
1.25 -0.964443 0.315271 -0.195276 0.315322
1.375 -0.992452 0.192708 -0.17406 0.194548
1.5 -0.997242 0.0681324 -0.164271 0.0707372
1.625 -0.984623 -0.0558748 -0.165785 -0.0541771
1.75 -0.96237 -0.177625 -0.178138 -0.178246
1.875 -0.936088 -0.296307 -0.200718 -0.299534
2 -0.906302 -0.411509 -0.232941 -0.416147
2.125 -0.868102 -0.522537 -0.274316 -0.526266
2.25 -0.813089 -0.627835 -0.324394 -0.628174
2.375 -0.732278 -0.724731 -0.382646 -0.720278
2.5 -0.618613 -0.809531 -0.448318 -0.801144
2.625 -0.468445 -0.877858 -0.520308 -0.869507
2.75 -0.282033 -0.925126 -0.597112 -0.924302
2.875 -0.0634624 -0.947022 -0.676814 -0.964674
3 0.179701 -0.939963 -0.757137 -0.989992
