-3 -0.989992 -0.979684
-2.93939 -0.979627 -0.97184
-2.87879 -0.965665 -0.960217
-2.81818 -0.948157 -0.944809
-2.75758 -0.927167 -0.925636
-2.69697 -0.902773 -0.902745
-2.63636 -0.875064 -0.876213
-2.57576 -0.844141 -0.84614
-2.51515 -0.810119 -0.812651
-2.45455 -0.773122 -0.775893
-2.39394 -0.733286 -0.736034
-2.33333 -0.690758 -0.693259
-2.27273 -0.645693 -0.647768
-2.21212 -0.598258 -0.599776
-2.15152 -0.548625 -0.549504
-2.09091 -0.496978 -0.497184
-2.0303 -0.443506 -0.44305
-1.9697 -0.388406 -0.387341
-1.90909 -0.331879 -0.330293
-1.84848 -0.274133 -0.272144
-1.78788 -0.215381 -0.213124
-1.72727 -0.155839 -0.153461
-1.66667 -0.0957235 -0.0933775
-1.60606 -0.035257 -0.0330875
-1.54545 0.0253391 0.0272003
-1.48485 0.0858421 0.0872841
-1.42424 0.14603 0.146968
-1.36364 0.205681 0.206063
-1.30303 0.264578 0.264383
-1.24242 0.322503 0.321748
-1.18182 0.379243 0.377977
-1.12121 0.434591 0.432894
-1.06061 0.488343 0.486323
-1 0.540302 0.538086
-0.939394 0.590277 0.588008
-0.878788 0.638085 0.635909
-0.818182 0.683549 0.681611
-0.757576 0.726504 0.724936
-0.69697 0.766791 0.765704
-0.636364 0.804262 0.803739
-0.575758 0.83878 0.838869
-0.515152 0.870218 0.870929
-0.454545 0.898461 0.899759
-0.393939 0.923404 0.925215
-0.333333 0.944957 0.947164
-0.272727 0.96304 0.965493
-0.212121 0.977587 0.98011
-0.151515 0.988544 0.990946
-0.0909091 0.995871 0.997958
-0.030303 0.999541 1.00113
0.030303 0.999541 1.00049
0.0909091 0.995871 0.996059
0.151515 0.988544 0.987923
0.212121 0.977587 0.976171
0.272727 0.96304 0.960913
0.333333 0.944957 0.942271
0.393939 0.923404 0.920372
0.454545 0.898461 0.895337
0.515152 0.870218 0.867277
0.575758 0.83878 0.836288
0.636364 0.804262 0.802447
0.69697 0.766791 0.765815
0.757576 0.726504 0.726438
0.818182 0.683549 0.68436
0.878788 0.638085 0.639633
0.939394 0.590277 0.59233
1 0.540302 0.542558
1.06061 0.488343 0.490468
1.12121 0.434591 0.436263
1.18182 0.379243 0.380196
1.24242 0.322503 0.322568
1.30303 0.264578 0.263711
1.36364 0.205681 0.203977
1.42424 0.14603 0.143713
1.48485 0.0858421 0.0832463
1.54545 0.0253391 0.022863
1.60606 -0.035257 -0.0372005
1.66667 -0.0957235 -0.0967642
1.72727 -0.155839 -0.155702
1.78788 -0.215381 -0.213934
1.84848 -0.274133 -0.271409
1.90909 -0.331879 -0.328089
1.9697 -0.388406 -0.383927
2.0303 -0.443506 -0.43885
2.09091 -0.496978 -0.49274
2.15152 -0.548625 -0.545425
2.21212 -0.598258 -0.596669
2.27273 -0.645693 -0.646173
2.33333 -0.690758 -0.693576
2.39394 -0.733286 -0.73846
2.45455 -0.773122 -0.780361
2.51515 -0.810119 -0.818781
2.57576 -0.844141 -0.853202
2.63636 -0.875064 -0.883094
2.69697 -0.902773 -0.907934
2.75758 -0.927167 -0.927216
2.81818 -0.948157 -0.940465
2.87879 -0.965665 -0.947249
2.93939 -0.979627 -0.947186
3 -0.989992 -0.939963
