network->params
        -3 
         1 
         1 
      -1.5 
         1 
         1 
         0 
         1 
         1 
       1.5 
         1 
         1 
         3 
         1 
         1 

iterations = 2001
network->params
  -2.68775 
   1.13554 
  0.522348 
  -1.26924 
  0.567941 
  0.918763 
 -0.117912 
  0.438293 
   2.10154 
   1.06771 
  0.492876 
   1.00024 
   2.49312 
   1.22388 
  0.452488 

x
        -3 
  -2.93939 
  -2.87879 
  -2.81818 
  -2.75758 
  -2.69697 
  -2.63636 
  -2.57576 
  -2.51515 
  -2.45455 
  -2.39394 
  -2.33333 
  -2.27273 
  -2.21212 
  -2.15152 
  -2.09091 
   -2.0303 
   -1.9697 
  -1.90909 
  -1.84848 
  -1.78788 
  -1.72727 
  -1.66667 
  -1.60606 
  -1.54545 
  -1.48485 
  -1.42424 
  -1.36364 
  -1.30303 
  -1.24242 
  -1.18182 
  -1.12121 
  -1.06061 
        -1 
 -0.939394 
 -0.878788 
 -0.818182 
 -0.757576 
  -0.69697 
 -0.636364 
 -0.575758 
 -0.515152 
 -0.454545 
 -0.393939 
 -0.333333 
 -0.272727 
 -0.212121 
 -0.151515 
-0.0909091 
 -0.030303 
  0.030303 
 0.0909091 
  0.151515 
  0.212121 
  0.272727 
  0.333333 
  0.393939 
  0.454545 
  0.515152 
  0.575758 
  0.636364 
   0.69697 
  0.757576 
  0.818182 
  0.878788 
  0.939394 
         1 
   1.06061 
   1.12121 
   1.18182 
   1.24242 
   1.30303 
   1.36364 
   1.42424 
   1.48485 
   1.54545 
   1.60606 
   1.66667 
   1.72727 
   1.78788 
   1.84848 
   1.90909 
    1.9697 
    2.0303 
   2.09091 
   2.15152 
   2.21212 
   2.27273 
   2.33333 
   2.39394 
   2.45455 
   2.51515 
   2.57576 
   2.63636 
   2.69697 
   2.75758 
   2.81818 
   2.87879 
   2.93939 
         3 

cos(x)
-0.0476791 
-0.0528946 
-0.0534544 
-0.0487023 
-0.0384322 
-0.0229677 
-0.00319691 
 0.0194436 
 0.0430433 
 0.0653486 
  0.083946 
 0.0964846 
  0.100921 
 0.0957633 
 0.0802955 
 0.0547468 
 0.0203915 
-0.0204449 
-0.0644844 
 -0.107704 
 -0.145644 
 -0.173804 
 -0.188086 
 -0.185264 
 -0.163418 
 -0.122296 
-0.0635571 
 0.0091531 
 0.0903111 
  0.172831 
  0.248576 
  0.309045 
  0.346178 
  0.353227 
  0.325606 
  0.261629 
  0.163056 
 0.0353561 
 -0.112361 
 -0.267796 
 -0.416287 
 -0.541983 
 -0.629287 
 -0.664456 
  -0.63723 
 -0.542312 
 -0.380538 
 -0.159587 
   0.10591 
  0.394953 
  0.641387 
  0.780602 
  0.834275 
  0.807382 
  0.711519 
  0.563113 
  0.381404 
  0.186406 
-0.00296389 
 -0.170452 
 -0.303612 
 -0.394481 
 -0.439779 
 -0.440667 
 -0.402134 
 -0.332118 
 -0.240462 
 -0.137813 
-0.0345855 
 0.0599442 
  0.138334 
  0.195433 
  0.228576 
   0.23754 
  0.224287 
  0.192534 
  0.147226 
 0.0939548 
  0.038381 
-0.0142734 
-0.0596435 
-0.0945127 
 -0.116968 
 -0.126424 
  -0.12352 
 -0.109926 
-0.0880759 
-0.0608613 
-0.0313229 
-0.00236154 
 0.0235044 
 0.0443205 
 0.0588058 
 0.0663905 
 0.0671856 
 0.0618952 
 0.0516861 
 0.0380307 
 0.0225407 
0.00680775 

guess of y
 -0.133434 
 -0.110683 
-0.0862711 
-0.0606863 
-0.0345051 
-0.0083998 
 0.0168561 
 0.0403835 
 0.0612001 
 0.0782344 
 0.0903594 
 0.0964527 
 0.0954898 
 0.0866722 
 0.0695854 
 0.0443723 
 0.0118985 
-0.0261234 
-0.0670892 
 -0.107572 
 -0.143527 
  -0.17064 
 -0.184793 
 -0.182593 
 -0.161898 
 -0.122253 
-0.0651509 
0.00591211 
 0.0856289 
  0.167267 
  0.243195 
  0.305466 
  0.346394 
    0.3591 
  0.338057 
  0.279709 
  0.183236 
 0.0514602 
 -0.108243 
 -0.283332 
  -0.45621 
 -0.605474 
 -0.708503 
 -0.745209 
 -0.702273 
 -0.576853 
 -0.378612 
 -0.129245 
   0.14069 
  0.397043 
   0.60817 
  0.750358 
  0.811273 
  0.790779 
  0.699281 
  0.554377 
  0.376948 
  0.187695 
0.00476666 
 -0.157393 
  -0.28825 
 -0.380891 
 -0.431674 
  -0.44005 
 -0.408565 
 -0.342852 
 -0.251394 
 -0.144865 
-0.0350356 
 0.0666279 
  0.150401 
  0.209484 
  0.240687 
  0.244487 
  0.224502 
  0.186534 
  0.137418 
  0.083925 
 0.0319022 
-0.0142502 
-0.0517499 
-0.0793195 
-0.0968899 
 -0.105228 
 -0.105576 
-0.0993575 
-0.0879721 
-0.0726812 
-0.0545601 
-0.0344974 
-0.0132205 
0.00867186 
 0.0306778 
 0.0523671 
 0.0733649 
 0.0933412 
  0.112007 
  0.129115 
  0.144455 
  0.157864 

