     0.125    7.53394    7.53394    7.53394
    0.1875    4.91511    4.91511    4.91511
      0.25    3.62561    3.62561    3.62561
    0.3125    2.86609    2.86609    2.86609
     0.375    2.37044    2.37044    2.37044
    0.4375    2.02481    2.02481    2.02481
       0.5    1.77245    1.77245    1.77245
    0.5625    1.58195    1.58195    1.58195
     0.625    1.43452    1.43452    1.43452
    0.6875     1.3183     1.3183     1.3183
      0.75    1.22542    1.22542    1.22542
    0.8125    1.15048    1.15048    1.15048
     0.875    1.08965    1.08965    1.08965
    0.9375    1.04018    1.04018    1.04018
         1          1          1          1
    1.0625    0.96758    0.96758    0.96758
     1.125   0.941743   0.941743   0.941743
    1.1875   0.921584   0.921584   0.921584
      1.25   0.906402   0.906402   0.906402
    1.3125   0.895654   0.895654   0.895654
     1.375   0.888914   0.888914   0.888914
    1.4375   0.885855   0.885855   0.885855
       1.5   0.886227   0.886227   0.886227
    1.5625   0.889844   0.889844   0.889844
     1.625   0.896574   0.896574   0.896574
    1.6875   0.906329   0.906329   0.906329
      1.75   0.919063   0.919063   0.919063
    1.8125   0.934761   0.934761   0.934761
     1.875   0.953446   0.953446   0.953446
    1.9375   0.975166   0.975166   0.975166
         2          1          1          1
    2.0625    1.02805    1.02805    1.02805
     2.125    1.05946    1.05946    1.05946
    2.1875    1.09438    1.09438    1.09438
      2.25      1.133      1.133      1.133
    2.3125    1.17555    1.17555    1.17555
     2.375    1.22226    1.22226    1.22226
    2.4375    1.27342    1.27342    1.27342
       2.5    1.32934    1.32934    1.32934
    2.5625    1.39038    1.39038    1.39038
     2.625    1.45693    1.45693    1.45693
    2.6875    1.52943    1.52943    1.52943
      2.75    1.60836    1.60836    1.60836
    2.8125    1.69425    1.69425    1.69425
     2.875    1.78771    1.78771    1.78771
    2.9375    1.88938    1.88938    1.88938
         3          2          2          2
