-2 -2 4.47214
-2 -1.9375 4.44454
-2 -1.875 4.41765
-2 -1.8125 4.39149
-2 -1.75 4.36606
-2 -1.6875 4.34139
-2 -1.625 4.31748
-2 -1.5625 4.29435
-2 -1.5 4.272
-2 -1.4375 4.25046
-2 -1.375 4.22973
-2 -1.3125 4.20983
-2 -1.25 4.19076
-2 -1.1875 4.17255
-2 -1.125 4.15519
-2 -1.0625 4.13871
-2 -1 4.12311
-2 -0.9375 4.10839
-2 -0.875 4.09458
-2 -0.8125 4.08169
-2 -0.75 4.06971
-2 -0.6875 4.05865
-2 -0.625 4.04853
-2 -0.5625 4.03936
-2 -0.5 4.03113
-2 -0.4375 4.02385
-2 -0.375 4.01754
-2 -0.3125 4.01219
-2 -0.25 4.0078
-2 -0.1875 4.00439
-2 -0.125 4.00195
-2 -0.0625 4.00049
-2 0 4
-2 0.0625 4.00049
-2 0.125 4.00195
-2 0.1875 4.00439
-2 0.25 4.0078
-2 0.3125 4.01219
-2 0.375 4.01754
-2 0.4375 4.02385
-2 0.5 4.03113
-2 0.5625 4.03936
-2 0.625 4.04853
-2 0.6875 4.05865
-2 0.75 4.06971
-2 0.8125 4.08169
-2 0.875 4.09458
-2 0.9375 4.10839
-2 1 4.12311
-2 1.0625 4.13871
-2 1.125 4.15519
-2 1.1875 4.17255
-2 1.25 4.19076
-2 1.3125 4.20983
-2 1.375 4.22973
-2 1.4375 4.25046
-2 1.5 4.272
-2 1.5625 4.29435
-2 1.625 4.31748
-2 1.6875 4.34139
-2 1.75 4.36606
-2 1.8125 4.39149
-2 1.875 4.41765
-2 1.9375 4.44454
-1.9375 -2 4.25345
-1.9375 -1.9375 4.22442
-1.9375 -1.875 4.19612
-1.9375 -1.8125 4.16857
-1.9375 -1.75 4.14178
-1.9375 -1.6875 4.11576
-1.9375 -1.625 4.09053
-1.9375 -1.5625 4.06611
-1.9375 -1.5 4.0425
-1.9375 -1.4375 4.01973
-1.9375 -1.375 3.9978
-1.9375 -1.3125 3.97674
-1.9375 -1.25 3.95655
-1.9375 -1.1875 3.93725
-1.9375 -1.125 3.91886
-1.9375 -1.0625 3.90137
-1.9375 -1 3.88482
-1.9375 -0.9375 3.8692
-1.9375 -0.875 3.85453
-1.9375 -0.8125 3.84083
-1.9375 -0.75 3.8281
-1.9375 -0.6875 3.81634
-1.9375 -0.625 3.80558
-1.9375 -0.5625 3.79582
-1.9375 -0.5 3.78706
-1.9375 -0.4375 3.77931
-1.9375 -0.375 3.77259
-1.9375 -0.3125 3.76689
-1.9375 -0.25 3.76222
-1.9375 -0.1875 3.75859
-1.9375 -0.125 3.75599
-1.9375 -0.0625 3.75443
-1.9375 0 3.75391
-1.9375 0.0625 3.75443
-1.9375 0.125 3.75599
-1.9375 0.1875 3.75859
-1.9375 0.25 3.76222
-1.9375 0.3125 3.76689
-1.9375 0.375 3.77259
-1.9375 0.4375 3.77931
-1.9375 0.5 3.78706
-1.9375 0.5625 3.79582
-1.9375 0.625 3.80558
-1.9375 0.6875 3.81634
-1.9375 0.75 3.8281
-1.9375 0.8125 3.84083
-1.9375 0.875 3.85453
-1.9375 0.9375 3.8692
-1.9375 1 3.88482
-1.9375 1.0625 3.90137
-1.9375 1.125 3.91886
-1.9375 1.1875 3.93725
-1.9375 1.25 3.95655
-1.9375 1.3125 3.97674
-1.9375 1.375 3.9978
-1.9375 1.4375 4.01973
-1.9375 1.5 4.0425
-1.9375 1.5625 4.06611
-1.9375 1.625 4.09053
-1.9375 1.6875 4.11576
-1.9375 1.75 4.14178
-1.9375 1.8125 4.16857
-1.9375 1.875 4.19612
-1.9375 1.9375 4.22442
-1.875 -2 4.0447
-1.875 -1.9375 4.01417
-1.875 -1.875 3.98438
-1.875 -1.8125 3.95535
-1.875 -1.75 3.9271
-1.875 -1.6875 3.89965
-1.875 -1.625 3.87301
-1.875 -1.5625 3.84721
-1.875 -1.5 3.82225
-1.875 -1.4375 3.79816
-1.875 -1.375 3.77495
-1.875 -1.3125 3.75264
-1.875 -1.25 3.73124
-1.875 -1.1875 3.71076
-1.875 -1.125 3.69124
-1.875 -1.0625 3.67267
-1.875 -1 3.65508
-1.875 -0.9375 3.63848
-1.875 -0.875 3.62288
-1.875 -0.8125 3.60829
-1.875 -0.75 3.59473
-1.875 -0.6875 3.58222
-1.875 -0.625 3.57075
-1.875 -0.5625 3.56034
-1.875 -0.5 3.551
-1.875 -0.4375 3.54274
-1.875 -0.375 3.53557
-1.875 -0.3125 3.52949
-1.875 -0.25 3.5245
-1.875 -0.1875 3.52062
-1.875 -0.125 3.51785
-1.875 -0.0625 3.51618
-1.875 0 3.51562
-1.875 0.0625 3.51618
-1.875 0.125 3.51785
-1.875 0.1875 3.52062
-1.875 0.25 3.5245
-1.875 0.3125 3.52949
-1.875 0.375 3.53557
-1.875 0.4375 3.54274
-1.875 0.5 3.551
-1.875 0.5625 3.56034
-1.875 0.625 3.57075
-1.875 0.6875 3.58222
-1.875 0.75 3.59473
-1.875 0.8125 3.60829
-1.875 0.875 3.62288
-1.875 0.9375 3.63848
-1.875 1 3.65508
-1.875 1.0625 3.67267
-1.875 1.125 3.69124
-1.875 1.1875 3.71076
-1.875 1.25 3.73124
-1.875 1.3125 3.75264
-1.875 1.375 3.77495
-1.875 1.4375 3.79816
-1.875 1.5 3.82225
-1.875 1.5625 3.84721
-1.875 1.625 3.87301
-1.875 1.6875 3.89965
-1.875 1.75 3.9271
-1.875 1.8125 3.95535
-1.875 1.875 3.98438
-1.875 1.9375 4.01417
-1.8125 -2 3.84607
-1.8125 -1.9375 3.81394
-1.8125 -1.875 3.78258
-1.8125 -1.8125 3.75199
-1.8125 -1.75 3.7222
-1.8125 -1.6875 3.69322
-1.8125 -1.625 3.66509
-1.8125 -1.5625 3.63781
-1.8125 -1.5 3.61141
-1.8125 -1.4375 3.5859
-1.8125 -1.375 3.5613
-1.8125 -1.3125 3.53764
-1.8125 -1.25 3.51493
-1.8125 -1.1875 3.49319
-1.8125 -1.125 3.47245
-1.8125 -1.0625 3.4527
-1.8125 -1 3.43398
-1.8125 -0.9375 3.41631
-1.8125 -0.875 3.39969
-1.8125 -0.8125 3.38414
-1.8125 -0.75 3.36968
-1.8125 -0.6875 3.35632
-1.8125 -0.625 3.34408
-1.8125 -0.5625 3.33297
-1.8125 -0.5 3.32299
-1.8125 -0.4375 3.31416
-1.8125 -0.375 3.30649
-1.8125 -0.3125 3.29999
-1.8125 -0.25 3.29466
-1.8125 -0.1875 3.2905
-1.8125 -0.125 3.28753
-1.8125 -0.0625 3.28575
-1.8125 0 3.28516
-1.8125 0.0625 3.28575
-1.8125 0.125 3.28753
-1.8125 0.1875 3.2905
-1.8125 0.25 3.29466
-1.8125 0.3125 3.29999
-1.8125 0.375 3.30649
-1.8125 0.4375 3.31416
-1.8125 0.5 3.32299
-1.8125 0.5625 3.33297
-1.8125 0.625 3.34408
-1.8125 0.6875 3.35632
-1.8125 0.75 3.36968
-1.8125 0.8125 3.38414
-1.8125 0.875 3.39969
-1.8125 0.9375 3.41631
-1.8125 1 3.43398
-1.8125 1.0625 3.4527
-1.8125 1.125 3.47245
-1.8125 1.1875 3.49319
-1.8125 1.25 3.51493
-1.8125 1.3125 3.53764
-1.8125 1.375 3.5613
-1.8125 1.4375 3.5859
-1.8125 1.5 3.61141
-1.8125 1.5625 3.63781
-1.8125 1.625 3.66509
-1.8125 1.6875 3.69322
-1.8125 1.75 3.7222
-1.8125 1.8125 3.75199
-1.8125 1.875 3.78258
-1.8125 1.9375 3.81394
-1.75 -2 3.65772
-1.75 -1.9375 3.62392
-1.75 -1.875 3.5909
-1.75 -1.8125 3.55866
-1.75 -1.75 3.52724
-1.75 -1.6875 3.49665
-1.75 -1.625 3.46692
-1.75 -1.5625 3.43807
-1.75 -1.5 3.41012
-1.75 -1.4375 3.38309
-1.75 -1.375 3.35701
-1.75 -1.3125 3.3319
-1.75 -1.25 3.30778
-1.75 -1.1875 3.28467
-1.75 -1.125 3.2626
-1.75 -1.0625 3.24158
-1.75 -1 3.22163
-1.75 -0.9375 3.20278
-1.75 -0.875 3.18505
-1.75 -0.8125 3.16845
-1.75 -0.75 3.153
-1.75 -0.6875 3.13872
-1.75 -0.625 3.12562
-1.75 -0.5625 3.11373
-1.75 -0.5 3.10305
-1.75 -0.4375 3.09359
-1.75 -0.375 3.08537
-1.75 -0.3125 3.0784
-1.75 -0.25 3.07269
-1.75 -0.1875 3.06823
-1.75 -0.125 3.06505
-1.75 -0.0625 3.06314
-1.75 0 3.0625
-1.75 0.0625 3.06314
-1.75 0.125 3.06505
-1.75 0.1875 3.06823
-1.75 0.25 3.07269
-1.75 0.3125 3.0784
-1.75 0.375 3.08537
-1.75 0.4375 3.09359
-1.75 0.5 3.10305
-1.75 0.5625 3.11373
-1.75 0.625 3.12562
-1.75 0.6875 3.13872
-1.75 0.75 3.153
-1.75 0.8125 3.16845
-1.75 0.875 3.18505
-1.75 0.9375 3.20278
-1.75 1 3.22163
-1.75 1.0625 3.24158
-1.75 1.125 3.2626
-1.75 1.1875 3.28467
-1.75 1.25 3.30778
-1.75 1.3125 3.3319
-1.75 1.375 3.35701
-1.75 1.4375 3.38309
-1.75 1.5 3.41012
-1.75 1.5625 3.43807
-1.75 1.625 3.46692
-1.75 1.6875 3.49665
-1.75 1.75 3.52724
-1.75 1.8125 3.55866
-1.75 1.875 3.5909
-1.75 1.9375 3.62392
-1.6875 -2 3.47982
-1.6875 -1.9375 3.44428
-1.6875 -1.875 3.40951
-1.6875 -1.8125 3.37554
-1.6875 -1.75 3.3424
-1.6875 -1.6875 3.31011
-1.6875 -1.625 3.27868
-1.6875 -1.5625 3.24816
-1.6875 -1.5 3.21856
-1.6875 -1.4375 3.18991
-1.6875 -1.375 3.16224
-1.6875 -1.3125 3.13557
-1.6875 -1.25 3.10993
-1.6875 -1.1875 3.08534
-1.6875 -1.125 3.06182
-1.6875 -1.0625 3.03942
-1.6875 -1 3.01814
-1.6875 -0.9375 2.99801
-1.6875 -0.875 2.97906
-1.6875 -0.8125 2.9613
-1.6875 -0.75 2.94477
-1.6875 -0.6875 2.92947
-1.6875 -0.625 2.91544
-1.6875 -0.5625 2.90268
-1.6875 -0.5 2.89122
-1.6875 -0.4375 2.88107
-1.6875 -0.375 2.87224
-1.6875 -0.3125 2.86475
-1.6875 -0.25 2.85861
-1.6875 -0.1875 2.85382
-1.6875 -0.125 2.8504
-1.6875 -0.0625 2.84834
-1.6875 0 2.84766
-1.6875 0.0625 2.84834
-1.6875 0.125 2.8504
-1.6875 0.1875 2.85382
-1.6875 0.25 2.85861
-1.6875 0.3125 2.86475
-1.6875 0.375 2.87224
-1.6875 0.4375 2.88107
-1.6875 0.5 2.89122
-1.6875 0.5625 2.90268
-1.6875 0.625 2.91544
-1.6875 0.6875 2.92947
-1.6875 0.75 2.94477
-1.6875 0.8125 2.9613
-1.6875 0.875 2.97906
-1.6875 0.9375 2.99801
-1.6875 1 3.01814
-1.6875 1.0625 3.03942
-1.6875 1.125 3.06182
-1.6875 1.1875 3.08534
-1.6875 1.25 3.10993
-1.6875 1.3125 3.13557
-1.6875 1.375 3.16224
-1.6875 1.4375 3.18991
-1.6875 1.5 3.21856
-1.6875 1.5625 3.24816
-1.6875 1.625 3.27868
-1.6875 1.6875 3.31011
-1.6875 1.75 3.3424
-1.6875 1.8125 3.37554
-1.6875 1.875 3.40951
-1.6875 1.9375 3.44428
-1.625 -2 3.31254
-1.625 -1.9375 3.27518
-1.625 -1.875 3.2386
-1.625 -1.8125 3.20282
-1.625 -1.75 3.16787
-1.625 -1.6875 3.13378
-1.625 -1.625 3.10057
-1.625 -1.5625 3.06827
-1.625 -1.5 3.03692
-1.625 -1.4375 3.00654
-1.625 -1.375 2.97717
-1.625 -1.3125 2.94882
-1.625 -1.25 2.92154
-1.625 -1.1875 2.89535
-1.625 -1.125 2.87028
-1.625 -1.0625 2.84637
-1.625 -1 2.82363
-1.625 -0.9375 2.80211
-1.625 -0.875 2.78182
-1.625 -0.8125 2.7628
-1.625 -0.75 2.74507
-1.625 -0.6875 2.72865
-1.625 -0.625 2.71358
-1.625 -0.5625 2.69987
-1.625 -0.5 2.68755
-1.625 -0.4375 2.67662
-1.625 -0.375 2.66712
-1.625 -0.3125 2.65905
-1.625 -0.25 2.65243
-1.625 -0.1875 2.64727
-1.625 -0.125 2.64358
-1.625 -0.0625 2.64136
-1.625 0 2.64062
-1.625 0.0625 2.64136
-1.625 0.125 2.64358
-1.625 0.1875 2.64727
-1.625 0.25 2.65243
-1.625 0.3125 2.65905
-1.625 0.375 2.66712
-1.625 0.4375 2.67662
-1.625 0.5 2.68755
-1.625 0.5625 2.69987
-1.625 0.625 2.71358
-1.625 0.6875 2.72865
-1.625 0.75 2.74507
-1.625 0.8125 2.7628
-1.625 0.875 2.78182
-1.625 0.9375 2.80211
-1.625 1 2.82363
-1.625 1.0625 2.84637
-1.625 1.125 2.87028
-1.625 1.1875 2.89535
-1.625 1.25 2.92154
-1.625 1.3125 2.94882
-1.625 1.375 2.97717
-1.625 1.4375 3.00654
-1.625 1.5 3.03692
-1.625 1.5625 3.06827
-1.625 1.625 3.10057
-1.625 1.6875 3.13378
-1.625 1.75 3.16787
-1.625 1.8125 3.20282
-1.625 1.875 3.2386
-1.625 1.9375 3.27518
-1.5625 -2 3.15602
-1.5625 -1.9375 3.11679
-1.5625 -1.875 3.07833
-1.5625 -1.8125 3.04066
-1.5625 -1.75 3.00382
-1.5625 -1.6875 2.96785
-1.5625 -1.625 2.93276
-1.5625 -1.5625 2.8986
-1.5625 -1.5 2.86539
-1.5625 -1.4375 2.83317
-1.5625 -1.375 2.80198
-1.5625 -1.3125 2.77184
-1.5625 -1.25 2.7428
-1.5625 -1.1875 2.71489
-1.5625 -1.125 2.68814
-1.5625 -1.0625 2.66259
-1.5625 -1 2.63827
-1.5625 -0.9375 2.61522
-1.5625 -0.875 2.59347
-1.5625 -0.8125 2.57306
-1.5625 -0.75 2.55401
-1.5625 -0.6875 2.53636
-1.5625 -0.625 2.52014
-1.5625 -0.5625 2.50537
-1.5625 -0.5 2.49208
-1.5625 -0.4375 2.4803
-1.5625 -0.375 2.47004
-1.5625 -0.3125 2.46132
-1.5625 -0.25 2.45417
-1.5625 -0.1875 2.4486
-1.5625 -0.125 2.4446
-1.5625 -0.0625 2.44221
-1.5625 0 2.44141
-1.5625 0.0625 2.44221
-1.5625 0.125 2.4446
-1.5625 0.1875 2.4486
-1.5625 0.25 2.45417
-1.5625 0.3125 2.46132
-1.5625 0.375 2.47004
-1.5625 0.4375 2.4803
-1.5625 0.5 2.49208
-1.5625 0.5625 2.50537
-1.5625 0.625 2.52014
-1.5625 0.6875 2.53636
-1.5625 0.75 2.55401
-1.5625 0.8125 2.57306
-1.5625 0.875 2.59347
-1.5625 0.9375 2.61522
-1.5625 1 2.63827
-1.5625 1.0625 2.66259
-1.5625 1.125 2.68814
-1.5625 1.1875 2.71489
-1.5625 1.25 2.7428
-1.5625 1.3125 2.77184
-1.5625 1.375 2.80198
-1.5625 1.4375 2.83317
-1.5625 1.5 2.86539
-1.5625 1.5625 2.8986
-1.5625 1.625 2.93276
-1.5625 1.6875 2.96785
-1.5625 1.75 3.00382
-1.5625 1.8125 3.04066
-1.5625 1.875 3.07833
-1.5625 1.9375 3.11679
-1.5 -2 3.0104
-1.5 -1.9375 2.96924
-1.5 -1.875 2.92884
-1.5 -1.8125 2.88923
-1.5 -1.75 2.85044
-1.5 -1.6875 2.8125
-1.5 -1.625 2.77545
-1.5 -1.5625 2.73933
-1.5 -1.5 2.70416
-1.5 -1.4375 2.67
-1.5 -1.375 2.63688
-1.5 -1.3125 2.60483
-1.5 -1.25 2.57391
-1.5 -1.1875 2.54414
-1.5 -1.125 2.51558
-1.5 -1.0625 2.48825
-1.5 -1 2.46221
-1.5 -0.9375 2.4375
-1.5 -0.875 2.41415
-1.5 -0.8125 2.39221
-1.5 -0.75 2.37171
-1.5 -0.6875 2.35269
-1.5 -0.625 2.33519
-1.5 -0.5625 2.31925
-1.5 -0.5 2.30489
-1.5 -0.4375 2.29214
-1.5 -0.375 2.28104
-1.5 -0.3125 2.2716
-1.5 -0.25 2.26385
-1.5 -0.1875 2.2578
-1.5 -0.125 2.25347
-1.5 -0.0625 2.25087
-1.5 0 2.25
-1.5 0.0625 2.25087
-1.5 0.125 2.25347
-1.5 0.1875 2.2578
-1.5 0.25 2.26385
-1.5 0.3125 2.2716
-1.5 0.375 2.28104
-1.5 0.4375 2.29214
-1.5 0.5 2.30489
-1.5 0.5625 2.31925
-1.5 0.625 2.33519
-1.5 0.6875 2.35269
-1.5 0.75 2.37171
-1.5 0.8125 2.39221
-1.5 0.875 2.41415
-1.5 0.9375 2.4375
-1.5 1 2.46221
-1.5 1.0625 2.48825
-1.5 1.125 2.51558
-1.5 1.1875 2.54414
-1.5 1.25 2.57391
-1.5 1.3125 2.60483
-1.5 1.375 2.63688
-1.5 1.4375 2.67
-1.5 1.5 2.70416
-1.5 1.5625 2.73933
-1.5 1.625 2.77545
-1.5 1.6875 2.8125
-1.5 1.75 2.85044
-1.5 1.8125 2.88923
-1.5 1.875 2.92884
-1.5 1.9375 2.96924
-1.4375 -2 2.87577
-1.4375 -1.9375 2.83266
-1.4375 -1.875 2.79028
-1.4375 -1.8125 2.74867
-1.4375 -1.75 2.70787
-1.4375 -1.6875 2.6679
-1.4375 -1.625 2.62881
-1.4375 -1.5625 2.59064
-1.4375 -1.5 2.55344
-1.4375 -1.4375 2.51723
-1.4375 -1.375 2.48207
-1.4375 -1.3125 2.448
-1.4375 -1.25 2.41506
-1.4375 -1.1875 2.38332
-1.4375 -1.125 2.3528
-1.4375 -1.0625 2.32356
-1.4375 -1 2.29566
-1.4375 -0.9375 2.26913
-1.4375 -0.875 2.24403
-1.4375 -0.8125 2.2204
-1.4375 -0.75 2.1983
-1.4375 -0.6875 2.17777
-1.4375 -0.625 2.15886
-1.4375 -0.5625 2.1416
-1.4375 -0.5 2.12604
-1.4375 -0.4375 2.11221
-1.4375 -0.375 2.10016
-1.4375 -0.3125 2.0899
-1.4375 -0.25 2.08147
-1.4375 -0.1875 2.0749
-1.4375 -0.125 2.07018
-1.4375 -0.0625 2.06735
-1.4375 0 2.06641
-1.4375 0.0625 2.06735
-1.4375 0.125 2.07018
-1.4375 0.1875 2.0749
-1.4375 0.25 2.08147
-1.4375 0.3125 2.0899
-1.4375 0.375 2.10016
-1.4375 0.4375 2.11221
-1.4375 0.5 2.12604
-1.4375 0.5625 2.1416
-1.4375 0.625 2.15886
-1.4375 0.6875 2.17777
-1.4375 0.75 2.1983
-1.4375 0.8125 2.2204
-1.4375 0.875 2.24403
-1.4375 0.9375 2.26913
-1.4375 1 2.29566
-1.4375 1.0625 2.32356
-1.4375 1.125 2.3528
-1.4375 1.1875 2.38332
-1.4375 1.25 2.41506
-1.4375 1.3125 2.448
-1.4375 1.375 2.48207
-1.4375 1.4375 2.51723
-1.4375 1.5 2.55344
-1.4375 1.5625 2.59064
-1.4375 1.625 2.62881
-1.4375 1.6875 2.6679
-1.4375 1.75 2.70787
-1.4375 1.8125 2.74867
-1.4375 1.875 2.79028
-1.4375 1.9375 2.83266
-1.375 -2 2.75217
-1.375 -1.9375 2.7071
-1.375 -1.875 2.66272
-1.375 -1.8125 2.61909
-1.375 -1.75 2.57623
-1.375 -1.6875 2.53419
-1.375 -1.625 2.49301
-1.375 -1.5625 2.45273
-1.375 -1.5 2.41339
-1.375 -1.4375 2.37505
-1.375 -1.375 2.33775
-1.375 -1.3125 2.30155
-1.375 -1.25 2.26649
-1.375 -1.1875 2.23263
-1.375 -1.125 2.20002
-1.375 -1.0625 2.16873
-1.375 -1 2.1388
-1.375 -0.9375 2.1103
-1.375 -0.875 2.08329
-1.375 -0.8125 2.05782
-1.375 -0.75 2.03395
-1.375 -0.6875 2.01175
-1.375 -0.625 1.99125
-1.375 -0.5625 1.97253
-1.375 -0.5 1.95562
-1.375 -0.4375 1.94058
-1.375 -0.375 1.92746
-1.375 -0.3125 1.91628
-1.375 -0.25 1.90708
-1.375 -0.1875 1.8999
-1.375 -0.125 1.89475
-1.375 -0.0625 1.89166
-1.375 0 1.89062
-1.375 0.0625 1.89166
-1.375 0.125 1.89475
-1.375 0.1875 1.8999
-1.375 0.25 1.90708
-1.375 0.3125 1.91628
-1.375 0.375 1.92746
-1.375 0.4375 1.94058
-1.375 0.5 1.95562
-1.375 0.5625 1.97253
-1.375 0.625 1.99125
-1.375 0.6875 2.01175
-1.375 0.75 2.03395
-1.375 0.8125 2.05782
-1.375 0.875 2.08329
-1.375 0.9375 2.1103
-1.375 1 2.1388
-1.375 1.0625 2.16873
-1.375 1.125 2.20002
-1.375 1.1875 2.23263
-1.375 1.25 2.26649
-1.375 1.3125 2.30155
-1.375 1.375 2.33775
-1.375 1.4375 2.37505
-1.375 1.5 2.41339
-1.375 1.5625 2.45273
-1.375 1.625 2.49301
-1.375 1.6875 2.53419
-1.375 1.75 2.57623
-1.375 1.8125 2.61909
-1.375 1.875 2.66272
-1.375 1.9375 2.7071
-1.3125 -2 2.63961
-1.3125 -1.9375 2.59258
-1.3125 -1.875 2.54621
-1.3125 -1.8125 2.50054
-1.3125 -1.75 2.45561
-1.3125 -1.6875 2.41147
-1.3125 -1.625 2.36816
-1.3125 -1.5625 2.32572
-1.3125 -1.5 2.28419
-1.3125 -1.4375 2.24365
-1.3125 -1.375 2.20413
-1.3125 -1.3125 2.16569
-1.3125 -1.25 2.12839
-1.3125 -1.1875 2.0923
-1.3125 -1.125 2.05747
-1.3125 -1.0625 2.02397
-1.3125 -1 1.99187
-1.3125 -0.9375 1.96124
-1.3125 -0.875 1.93214
-1.3125 -0.8125 1.90465
-1.3125 -0.75 1.87884
-1.3125 -0.6875 1.85478
-1.3125 -0.625 1.83253
-1.3125 -0.5625 1.81217
-1.3125 -0.5 1.79375
-1.3125 -0.4375 1.77734
-1.3125 -0.375 1.763
-1.3125 -0.3125 1.75077
-1.3125 -0.25 1.7407
-1.3125 -0.1875 1.73283
-1.3125 -0.125 1.72719
-1.3125 -0.0625 1.72379
-1.3125 0 1.72266
-1.3125 0.0625 1.72379
-1.3125 0.125 1.72719
-1.3125 0.1875 1.73283
-1.3125 0.25 1.7407
-1.3125 0.3125 1.75077
-1.3125 0.375 1.763
-1.3125 0.4375 1.77734
-1.3125 0.5 1.79375
-1.3125 0.5625 1.81217
-1.3125 0.625 1.83253
-1.3125 0.6875 1.85478
-1.3125 0.75 1.87884
-1.3125 0.8125 1.90465
-1.3125 0.875 1.93214
-1.3125 0.9375 1.96124
-1.3125 1 1.99187
-1.3125 1.0625 2.02397
-1.3125 1.125 2.05747
-1.3125 1.1875 2.0923
-1.3125 1.25 2.12839
-1.3125 1.3125 2.16569
-1.3125 1.375 2.20413
-1.3125 1.4375 2.24365
-1.3125 1.5 2.28419
-1.3125 1.5625 2.32572
-1.3125 1.625 2.36816
-1.3125 1.6875 2.41147
-1.3125 1.75 2.45561
-1.3125 1.8125 2.50054
-1.3125 1.875 2.54621
-1.3125 1.9375 2.59258
-1.25 -2 2.53799
-1.25 -1.9375 2.48904
-1.25 -1.875 2.4407
-1.25 -1.8125 2.39302
-1.25 -1.75 2.34604
-1.25 -1.6875 2.2998
-1.25 -1.625 2.25434
-1.25 -1.5625 2.20971
-1.25 -1.5 2.16597
-1.25 -1.4375 2.12316
-1.25 -1.375 2.08135
-1.25 -1.3125 2.0406
-1.25 -1.25 2.00098
-1.25 -1.1875 1.96254
-1.25 -1.125 1.92537
-1.25 -1.0625 1.88953
-1.25 -1 1.8551
-1.25 -0.9375 1.82217
-1.25 -0.875 1.79082
-1.25 -0.8125 1.76113
-1.25 -0.75 1.73318
-1.25 -0.6875 1.70706
-1.25 -0.625 1.68286
-1.25 -0.5625 1.66067
-1.25 -0.5 1.64055
-1.25 -0.4375 1.62259
-1.25 -0.375 1.60687
-1.25 -0.3125 1.59344
-1.25 -0.25 1.58237
-1.25 -0.1875 1.57371
-1.25 -0.125 1.56749
-1.25 -0.0625 1.56375
-1.25 0 1.5625
-1.25 0.0625 1.56375
-1.25 0.125 1.56749
-1.25 0.1875 1.57371
-1.25 0.25 1.58237
-1.25 0.3125 1.59344
-1.25 0.375 1.60687
-1.25 0.4375 1.62259
-1.25 0.5 1.64055
-1.25 0.5625 1.66067
-1.25 0.625 1.68286
-1.25 0.6875 1.70706
-1.25 0.75 1.73318
-1.25 0.8125 1.76113
-1.25 0.875 1.79082
-1.25 0.9375 1.82217
-1.25 1 1.8551
-1.25 1.0625 1.88953
-1.25 1.125 1.92537
-1.25 1.1875 1.96254
-1.25 1.25 2.00098
-1.25 1.3125 2.0406
-1.25 1.375 2.08135
-1.25 1.4375 2.12316
-1.25 1.5 2.16597
-1.25 1.5625 2.20971
-1.25 1.625 2.25434
-1.25 1.6875 2.2998
-1.25 1.75 2.34604
-1.25 1.8125 2.39302
-1.25 1.875 2.4407
-1.25 1.9375 2.48904
-1.1875 -2 2.44715
-1.1875 -1.9375 2.39634
-1.1875 -1.875 2.3461
-1.1875 -1.8125 2.29645
-1.1875 -1.75 2.24745
-1.1875 -1.6875 2.19914
-1.1875 -1.625 2.15155
-1.1875 -1.5625 2.10474
-1.1875 -1.5 2.05877
-1.1875 -1.4375 2.01369
-1.1875 -1.375 1.96956
-1.1875 -1.3125 1.92645
-1.1875 -1.25 1.88442
-1.1875 -1.1875 1.84356
-1.1875 -1.125 1.80393
-1.1875 -1.0625 1.76563
-1.1875 -1 1.72874
-1.1875 -0.9375 1.69335
-1.1875 -0.875 1.65957
-1.1875 -0.8125 1.62748
-1.1875 -0.75 1.5972
-1.1875 -0.6875 1.56882
-1.1875 -0.625 1.54245
-1.1875 -0.5625 1.51821
-1.1875 -0.5 1.49618
-1.1875 -0.4375 1.47646
-1.1875 -0.375 1.45917
-1.1875 -0.3125 1.44437
-1.1875 -0.25 1.43215
-1.1875 -0.1875 1.42257
-1.1875 -0.125 1.41569
-1.1875 -0.0625 1.41154
-1.1875 0 1.41016
-1.1875 0.0625 1.41154
-1.1875 0.125 1.41569
-1.1875 0.1875 1.42257
-1.1875 0.25 1.43215
-1.1875 0.3125 1.44437
-1.1875 0.375 1.45917
-1.1875 0.4375 1.47646
-1.1875 0.5 1.49618
-1.1875 0.5625 1.51821
-1.1875 0.625 1.54245
-1.1875 0.6875 1.56882
-1.1875 0.75 1.5972
-1.1875 0.8125 1.62748
-1.1875 0.875 1.65957
-1.1875 0.9375 1.69335
-1.1875 1 1.72874
-1.1875 1.0625 1.76563
-1.1875 1.125 1.80393
-1.1875 1.1875 1.84356
-1.1875 1.25 1.88442
-1.1875 1.3125 1.92645
-1.1875 1.375 1.96956
-1.1875 1.4375 2.01369
-1.1875 1.5 2.05877
-1.1875 1.5625 2.10474
-1.1875 1.625 2.15155
-1.1875 1.6875 2.19914
-1.1875 1.75 2.24745
-1.1875 1.8125 2.29645
-1.1875 1.875 2.3461
-1.1875 1.9375 2.39634
-1.125 -2 2.36681
-1.125 -1.9375 2.31424
-1.125 -1.875 2.26217
-1.125 -1.8125 2.21065
-1.125 -1.75 2.1597
-1.125 -1.6875 2.10938
-1.125 -1.625 2.05972
-1.125 -1.5625 2.01077
-1.125 -1.5 1.9626
-1.125 -1.4375 1.91526
-1.125 -1.375 1.8688
-1.125 -1.3125 1.82331
-1.125 -1.25 1.77885
-1.125 -1.1875 1.7355
-1.125 -1.125 1.69335
-1.125 -1.0625 1.65249
-1.125 -1 1.61301
-1.125 -0.9375 1.57503
-1.125 -0.875 1.53865
-1.125 -0.8125 1.50398
-1.125 -0.75 1.47116
-1.125 -0.6875 1.4403
-1.125 -0.625 1.41154
-1.125 -0.5625 1.385
-1.125 -0.5 1.36081
-1.125 -0.4375 1.33911
-1.125 -0.375 1.32001
-1.125 -0.3125 1.30363
-1.125 -0.25 1.29008
-1.125 -0.1875 1.27944
-1.125 -0.125 1.27178
-1.125 -0.0625 1.26717
-1.125 0 1.26562
-1.125 0.0625 1.26717
-1.125 0.125 1.27178
-1.125 0.1875 1.27944
-1.125 0.25 1.29008
-1.125 0.3125 1.30363
-1.125 0.375 1.32001
-1.125 0.4375 1.33911
-1.125 0.5 1.36081
-1.125 0.5625 1.385
-1.125 0.625 1.41154
-1.125 0.6875 1.4403
-1.125 0.75 1.47116
-1.125 0.8125 1.50398
-1.125 0.875 1.53865
-1.125 0.9375 1.57503
-1.125 1 1.61301
-1.125 1.0625 1.65249
-1.125 1.125 1.69335
-1.125 1.1875 1.7355
-1.125 1.25 1.77885
-1.125 1.3125 1.82331
-1.125 1.375 1.8688
-1.125 1.4375 1.91526
-1.125 1.5 1.9626
-1.125 1.5625 2.01077
-1.125 1.625 2.05972
-1.125 1.6875 2.10938
-1.125 1.75 2.1597
-1.125 1.8125 2.21065
-1.125 1.875 2.26217
-1.125 1.9375 2.31424
-1.0625 -2 2.29661
-1.0625 -1.9375 2.2424
-1.0625 -1.875 2.18862
-1.0625 -1.8125 2.13532
-1.0625 -1.75 2.08253
-1.0625 -1.6875 2.03029
-1.0625 -1.625 1.97865
-1.0625 -1.5625 1.92765
-1.0625 -1.5 1.87735
-1.0625 -1.4375 1.8278
-1.0625 -1.375 1.77906
-1.0625 -1.3125 1.73121
-1.0625 -1.25 1.68432
-1.0625 -1.1875 1.63847
-1.0625 -1.125 1.59375
-1.0625 -1.0625 1.55027
-1.0625 -1 1.50812
-1.0625 -0.9375 1.46742
-1.0625 -0.875 1.4283
-1.0625 -0.8125 1.39089
-1.0625 -0.75 1.35533
-1.0625 -0.6875 1.32177
-1.0625 -0.625 1.29037
-1.0625 -0.5625 1.26128
-1.0625 -0.5 1.23468
-1.0625 -0.4375 1.21072
-1.0625 -0.375 1.18956
-1.0625 -0.3125 1.17136
-1.0625 -0.25 1.15626
-1.0625 -0.1875 1.14437
-1.0625 -0.125 1.13581
-1.0625 -0.0625 1.13064
-1.0625 0 1.12891
-1.0625 0.0625 1.13064
-1.0625 0.125 1.13581
-1.0625 0.1875 1.14437
-1.0625 0.25 1.15626
-1.0625 0.3125 1.17136
-1.0625 0.375 1.18956
-1.0625 0.4375 1.21072
-1.0625 0.5 1.23468
-1.0625 0.5625 1.26128
-1.0625 0.625 1.29037
-1.0625 0.6875 1.32177
-1.0625 0.75 1.35533
-1.0625 0.8125 1.39089
-1.0625 0.875 1.4283
-1.0625 0.9375 1.46742
-1.0625 1 1.50812
-1.0625 1.0625 1.55027
-1.0625 1.125 1.59375
-1.0625 1.1875 1.63847
-1.0625 1.25 1.68432
-1.0625 1.3125 1.73121
-1.0625 1.375 1.77906
-1.0625 1.4375 1.8278
-1.0625 1.5 1.87735
-1.0625 1.5625 1.92765
-1.0625 1.625 1.97865
-1.0625 1.6875 2.03029
-1.0625 1.75 2.08253
-1.0625 1.8125 2.13532
-1.0625 1.875 2.18862
-1.0625 1.9375 2.2424
-1 -2 2.23607
-1 -1.9375 2.18035
-1 -1.875 2.125
-1 -1.8125 2.07006
-1 -1.75 2.01556
-1 -1.6875 1.96154
-1 -1.625 1.90804
-1 -1.5625 1.8551
-1 -1.5 1.80278
-1 -1.4375 1.75112
-1 -1.375 1.70018
-1 -1.3125 1.65005
-1 -1.25 1.60078
-1 -1.1875 1.55247
-1 -1.125 1.5052
-1 -1.0625 1.45908
-1 -1 1.41421
-1 -0.9375 1.37073
-1 -0.875 1.32877
-1 -0.8125 1.28847
-1 -0.75 1.25
-1 -0.6875 1.21353
-1 -0.625 1.17925
-1 -0.5625 1.14735
-1 -0.5 1.11803
-1 -0.4375 1.09152
-1 -0.375 1.068
-1 -0.3125 1.04769
-1 -0.25 1.03078
-1 -0.1875 1.01743
-1 -0.125 1.00778
-1 -0.0625 1.00195
-1 0 1
-1 0.0625 1.00195
-1 0.125 1.00778
-1 0.1875 1.01743
-1 0.25 1.03078
-1 0.3125 1.04769
-1 0.375 1.068
-1 0.4375 1.09152
-1 0.5 1.11803
-1 0.5625 1.14735
-1 0.625 1.17925
-1 0.6875 1.21353
-1 0.75 1.25
-1 0.8125 1.28847
-1 0.875 1.32877
-1 0.9375 1.37073
-1 1 1.41421
-1 1.0625 1.45908
-1 1.125 1.5052
-1 1.1875 1.55247
-1 1.25 1.60078
-1 1.3125 1.65005
-1 1.375 1.70018
-1 1.4375 1.75112
-1 1.5 1.80278
-1 1.5625 1.8551
-1 1.625 1.90804
-1 1.6875 1.96154
-1 1.75 2.01556
-1 1.8125 2.07006
-1 1.875 2.125
-1 1.9375 2.18035
-0.9375 -2 2.1846
-0.9375 -1.9375 2.12753
-0.9375 -1.875 2.07077
-0.9375 -1.8125 2.01436
-0.9375 -1.75 1.95831
-0.9375 -1.6875 1.90266
-0.9375 -1.625 1.84746
-0.9375 -1.5625 1.79273
-0.9375 -1.5 1.73853
-0.9375 -1.4375 1.6849
-0.9375 -1.375 1.6319
-0.9375 -1.3125 1.5796
-0.9375 -1.25 1.52806
-0.9375 -1.1875 1.47737
-0.9375 -1.125 1.42762
-0.9375 -1.0625 1.37891
-0.9375 -1 1.33134
-0.9375 -0.9375 1.28506
-0.9375 -0.875 1.2402
-0.9375 -0.8125 1.19693
-0.9375 -0.75 1.15541
-0.9375 -0.6875 1.11586
-0.9375 -0.625 1.07847
-0.9375 -0.5625 1.0435
-0.9375 -0.5 1.01118
-0.9375 -0.4375 0.981775
-0.9375 -0.375 0.955563
-0.9375 -0.3125 0.932809
-0.9375 -0.25 0.91377
-0.9375 -0.1875 0.898684
-0.9375 -0.125 0.887751
-0.9375 -0.0625 0.881126
-0.9375 0 0.878906
-0.9375 0.0625 0.881126
-0.9375 0.125 0.887751
-0.9375 0.1875 0.898684
-0.9375 0.25 0.91377
-0.9375 0.3125 0.932809
-0.9375 0.375 0.955563
-0.9375 0.4375 0.981775
-0.9375 0.5 1.01118
-0.9375 0.5625 1.0435
-0.9375 0.625 1.07847
-0.9375 0.6875 1.11586
-0.9375 0.75 1.15541
-0.9375 0.8125 1.19693
-0.9375 0.875 1.2402
-0.9375 0.9375 1.28506
-0.9375 1 1.33134
-0.9375 1.0625 1.37891
-0.9375 1.125 1.42762
-0.9375 1.1875 1.47737
-0.9375 1.25 1.52806
-0.9375 1.3125 1.5796
-0.9375 1.375 1.6319
-0.9375 1.4375 1.6849
-0.9375 1.5 1.73853
-0.9375 1.5625 1.79273
-0.9375 1.625 1.84746
-0.9375 1.6875 1.90266
-0.9375 1.75 1.95831
-0.9375 1.8125 2.01436
-0.9375 1.875 2.07077
-0.9375 1.9375 2.12753
-0.875 -2 2.14154
-0.875 -1.9375 2.08329
-0.875 -1.875 2.02529
-0.875 -1.8125 1.96757
-0.875 -1.75 1.91015
-0.875 -1.6875 1.85306
-0.875 -1.625 1.79633
-0.875 -1.5625 1.74
-0.875 -1.5 1.6841
-0.875 -1.4375 1.62868
-0.875 -1.375 1.57379
-0.875 -1.3125 1.51949
-0.875 -1.25 1.46584
-0.875 -1.1875 1.41292
-0.875 -1.125 1.36081
-0.875 -1.0625 1.30961
-0.875 -1 1.25944
-0.875 -0.9375 1.21041
-0.875 -0.875 1.16267
-0.875 -0.8125 1.1164
-0.875 -0.75 1.07177
-0.875 -0.6875 1.029
-0.875 -0.625 0.988335
-0.875 -0.5625 0.950046
-0.875 -0.5 0.91443
-0.875 -0.4375 0.881809
-0.875 -0.375 0.85253
-0.875 -0.3125 0.826945
-0.875 -0.25 0.805408
-0.875 -0.1875 0.78825
-0.875 -0.125 0.775762
-0.875 -0.0625 0.768172
-0.875 0 0.765625
-0.875 0.0625 0.768172
-0.875 0.125 0.775762
-0.875 0.1875 0.78825
-0.875 0.25 0.805408
-0.875 0.3125 0.826945
-0.875 0.375 0.85253
-0.875 0.4375 0.881809
-0.875 0.5 0.91443
-0.875 0.5625 0.950046
-0.875 0.625 0.988335
-0.875 0.6875 1.029
-0.875 0.75 1.07177
-0.875 0.8125 1.1164
-0.875 0.875 1.16267
-0.875 0.9375 1.21041
-0.875 1 1.25944
-0.875 1.0625 1.30961
-0.875 1.125 1.36081
-0.875 1.1875 1.41292
-0.875 1.25 1.46584
-0.875 1.3125 1.51949
-0.875 1.375 1.57379
-0.875 1.4375 1.62868
-0.875 1.5 1.6841
-0.875 1.5625 1.74
-0.875 1.625 1.79633
-0.875 1.6875 1.85306
-0.875 1.75 1.91015
-0.875 1.8125 1.96757
-0.875 1.875 2.02529
-0.875 1.9375 2.08329
-0.8125 -2 2.10614
-0.8125 -1.9375 2.04688
-0.8125 -1.875 1.98782
-0.8125 -1.8125 1.92898
-0.8125 -1.75 1.87038
-0.8125 -1.6875 1.81203
-0.8125 -1.625 1.75398
-0.8125 -1.5625 1.69623
-0.8125 -1.5 1.63884
-0.8125 -1.4375 1.58184
-0.8125 -1.375 1.52526
-0.8125 -1.3125 1.46917
-0.8125 -1.25 1.41361
-0.8125 -1.1875 1.35866
-0.8125 -1.125 1.30439
-0.8125 -1.0625 1.25088
-0.8125 -1 1.19825
-0.8125 -0.9375 1.14661
-0.8125 -0.875 1.0961
-0.8125 -0.8125 1.04688
-0.8125 -0.75 0.999153
-0.8125 -0.6875 0.953133
-0.8125 -0.625 0.909083
-0.8125 -0.5625 0.867302
-0.8125 -0.5 0.828134
-0.8125 -0.4375 0.791968
-0.8125 -0.375 0.759231
-0.8125 -0.3125 0.730385
-0.8125 -0.25 0.705908
-0.8125 -0.1875 0.686267
-0.8125 -0.125 0.671886
-0.8125 -0.0625 0.663108
-0.8125 0 0.660156
-0.8125 0.0625 0.663108
-0.8125 0.125 0.671886
-0.8125 0.1875 0.686267
-0.8125 0.25 0.705908
-0.8125 0.3125 0.730385
-0.8125 0.375 0.759231
-0.8125 0.4375 0.791968
-0.8125 0.5 0.828134
-0.8125 0.5625 0.867302
-0.8125 0.625 0.909083
-0.8125 0.6875 0.953133
-0.8125 0.75 0.999153
-0.8125 0.8125 1.04688
-0.8125 0.875 1.0961
-0.8125 0.9375 1.14661
-0.8125 1 1.19825
-0.8125 1.0625 1.25088
-0.8125 1.125 1.30439
-0.8125 1.1875 1.35866
-0.8125 1.25 1.41361
-0.8125 1.3125 1.46917
-0.8125 1.375 1.52526
-0.8125 1.4375 1.58184
-0.8125 1.5 1.63884
-0.8125 1.5625 1.69623
-0.8125 1.625 1.75398
-0.8125 1.6875 1.81203
-0.8125 1.75 1.87038
-0.8125 1.8125 1.92898
-0.8125 1.875 1.98782
-0.8125 1.9375 2.04688
-0.75 -2 2.0776
-0.75 -1.9375 2.0175
-0.75 -1.875 1.95756
-0.75 -1.8125 1.89778
-0.75 -1.75 1.83818
-0.75 -1.6875 1.77878
-0.75 -1.625 1.7196
-0.75 -1.5625 1.66067
-0.75 -1.5 1.602
-0.75 -1.4375 1.54364
-0.75 -1.375 1.48561
-0.75 -1.3125 1.42796
-0.75 -1.25 1.37073
-0.75 -1.1875 1.31399
-0.75 -1.125 1.25779
-0.75 -1.0625 1.20221
-0.75 -1 1.14735
-0.75 -0.9375 1.0933
-0.75 -0.875 1.04021
-0.75 -0.8125 0.988212
-0.75 -0.75 0.9375
-0.75 -0.6875 0.888292
-0.75 -0.625 0.840852
-0.75 -0.5625 0.795495
-0.75 -0.5 0.7526
-0.75 -0.4375 0.71261
-0.75 -0.375 0.676041
-0.75 -0.3125 0.643477
-0.75 -0.25 0.615554
-0.75 -0.1875 0.592927
-0.75 -0.125 0.576222
-0.75 -0.0625 0.565962
-0.75 0 0.5625
-0.75 0.0625 0.565962
-0.75 0.125 0.576222
-0.75 0.1875 0.592927
-0.75 0.25 0.615554
-0.75 0.3125 0.643477
-0.75 0.375 0.676041
-0.75 0.4375 0.71261
-0.75 0.5 0.7526
-0.75 0.5625 0.795495
-0.75 0.625 0.840852
-0.75 0.6875 0.888292
-0.75 0.75 0.9375
-0.75 0.8125 0.988212
-0.75 0.875 1.04021
-0.75 0.9375 1.0933
-0.75 1 1.14735
-0.75 1.0625 1.20221
-0.75 1.125 1.25779
-0.75 1.1875 1.31399
-0.75 1.25 1.37073
-0.75 1.3125 1.42796
-0.75 1.375 1.48561
-0.75 1.4375 1.54364
-0.75 1.5 1.602
-0.75 1.5625 1.66067
-0.75 1.625 1.7196
-0.75 1.6875 1.77878
-0.75 1.75 1.83818
-0.75 1.8125 1.89778
-0.75 1.875 1.95756
-0.75 1.9375 2.0175
-0.6875 -2 2.05509
-0.6875 -1.9375 1.99432
-0.6875 -1.875 1.93366
-0.6875 -1.8125 1.87312
-0.6875 -1.75 1.81271
-0.6875 -1.6875 1.75244
-0.6875 -1.625 1.69234
-0.6875 -1.5625 1.63242
-0.6875 -1.5 1.57271
-0.6875 -1.4375 1.51321
-0.6875 -1.375 1.45397
-0.6875 -1.3125 1.39501
-0.6875 -1.25 1.33638
-0.6875 -1.1875 1.27811
-0.6875 -1.125 1.22026
-0.6875 -1.0625 1.16289
-0.6875 -1 1.10608
-0.6875 -0.9375 1.04991
-0.6875 -0.875 0.994499
-0.6875 -0.8125 0.939979
-0.6875 -0.75 0.886512
-0.6875 -0.6875 0.834302
-0.6875 -0.625 0.7836
-0.6875 -0.5625 0.734718
-0.6875 -0.5 0.688044
-0.6875 -0.4375 0.644058
-0.6875 -0.375 0.603348
-0.6875 -0.3125 0.566622
-0.6875 -0.25 0.5347
-0.6875 -0.1875 0.508488
-0.6875 -0.125 0.488906
-0.6875 -0.0625 0.476771
-0.6875 0 0.472656
-0.6875 0.0625 0.476771
-0.6875 0.125 0.488906
-0.6875 0.1875 0.508488
-0.6875 0.25 0.5347
-0.6875 0.3125 0.566622
-0.6875 0.375 0.603348
-0.6875 0.4375 0.644058
-0.6875 0.5 0.688044
-0.6875 0.5625 0.734718
-0.6875 0.625 0.7836
-0.6875 0.6875 0.834302
-0.6875 0.75 0.886512
-0.6875 0.8125 0.939979
-0.6875 0.875 0.994499
-0.6875 0.9375 1.04991
-0.6875 1 1.10608
-0.6875 1.0625 1.16289
-0.6875 1.125 1.22026
-0.6875 1.1875 1.27811
-0.6875 1.25 1.33638
-0.6875 1.3125 1.39501
-0.6875 1.375 1.45397
-0.6875 1.4375 1.51321
-0.6875 1.5 1.57271
-0.6875 1.5625 1.63242
-0.6875 1.625 1.69234
-0.6875 1.6875 1.75244
-0.6875 1.75 1.81271
-0.6875 1.8125 1.87312
-0.6875 1.875 1.93366
-0.6875 1.9375 1.99432
-0.625 -2 2.03779
-0.625 -1.9375 1.97649
-0.625 -1.875 1.91526
-0.625 -1.8125 1.85412
-0.625 -1.75 1.79307
-0.625 -1.6875 1.73212
-0.625 -1.625 1.67129
-0.625 -1.5625 1.61059
-0.625 -1.5 1.55003
-0.625 -1.4375 1.48963
-0.625 -1.375 1.42941
-0.625 -1.3125 1.3694
-0.625 -1.25 1.30961
-0.625 -1.1875 1.2501
-0.625 -1.125 1.19089
-0.625 -1.0625 1.13203
-0.625 -1 1.07359
-0.625 -0.9375 1.01562
-0.625 -0.875 0.958234
-0.625 -0.8125 0.901523
-0.625 -0.75 0.845629
-0.625 -0.6875 0.790724
-0.625 -0.625 0.73703
-0.625 -0.5625 0.684831
-0.625 -0.5 0.634498
-0.625 -0.4375 0.58651
-0.625 -0.375 0.541491
-0.625 -0.3125 0.500244
-0.625 -0.25 0.463776
-0.625 -0.1875 0.433295
-0.625 -0.125 0.410138
-0.625 -0.0625 0.395593
-0.625 0 0.390625
-0.625 0.0625 0.395593
-0.625 0.125 0.410138
-0.625 0.1875 0.433295
-0.625 0.25 0.463776
-0.625 0.3125 0.500244
-0.625 0.375 0.541491
-0.625 0.4375 0.58651
-0.625 0.5 0.634498
-0.625 0.5625 0.684831
-0.625 0.625 0.73703
-0.625 0.6875 0.790724
-0.625 0.75 0.845629
-0.625 0.8125 0.901523
-0.625 0.875 0.958234
-0.625 0.9375 1.01562
-0.625 1 1.07359
-0.625 1.0625 1.13203
-0.625 1.125 1.19089
-0.625 1.1875 1.2501
-0.625 1.25 1.30961
-0.625 1.3125 1.3694
-0.625 1.375 1.42941
-0.625 1.4375 1.48963
-0.625 1.5 1.55003
-0.625 1.5625 1.61059
-0.625 1.625 1.67129
-0.625 1.6875 1.73212
-0.625 1.75 1.79307
-0.625 1.8125 1.85412
-0.625 1.875 1.91526
-0.625 1.9375 1.97649
-0.5625 -2 2.02487
-0.5625 -1.9375 1.96317
-0.5625 -1.875 1.90151
-0.5625 -1.8125 1.83991
-0.5625 -1.75 1.77837
-0.5625 -1.6875 1.71691
-0.5625 -1.625 1.65552
-0.5625 -1.5625 1.59421
-0.5625 -1.5 1.53301
-0.5625 -1.4375 1.47191
-0.5625 -1.375 1.41094
-0.5625 -1.3125 1.3501
-0.5625 -1.25 1.28942
-0.5625 -1.1875 1.22893
-0.5625 -1.125 1.16865
-0.5625 -1.0625 1.10861
-0.5625 -1 1.04886
-0.5625 -0.9375 0.989454
-0.5625 -0.875 0.93045
-0.5625 -0.8125 0.871934
-0.5625 -0.75 0.81401
-0.5625 -0.6875 0.756815
-0.5625 -0.625 0.700527
-0.5625 -0.5625 0.645383
-0.5625 -0.5 0.591703
-0.5625 -0.4375 0.539925
-0.5625 -0.375 0.490651
-0.5625 -0.3125 0.444712
-0.5625 -0.25 0.403253
-0.5625 -0.1875 0.36779
-0.5625 -0.125 0.340203
-0.5625 -0.0625 0.32252
-0.5625 0 0.316406
-0.5625 0.0625 0.32252
-0.5625 0.125 0.340203
-0.5625 0.1875 0.36779
-0.5625 0.25 0.403253
-0.5625 0.3125 0.444712
-0.5625 0.375 0.490651
-0.5625 0.4375 0.539925
-0.5625 0.5 0.591703
-0.5625 0.5625 0.645383
-0.5625 0.625 0.700527
-0.5625 0.6875 0.756815
-0.5625 0.75 0.81401
-0.5625 0.8125 0.871934
-0.5625 0.875 0.93045
-0.5625 0.9375 0.989454
-0.5625 1 1.04886
-0.5625 1.0625 1.10861
-0.5625 1.125 1.16865
-0.5625 1.1875 1.22893
-0.5625 1.25 1.28942
-0.5625 1.3125 1.3501
-0.5625 1.375 1.41094
-0.5625 1.4375 1.47191
-0.5625 1.5 1.53301
-0.5625 1.5625 1.59421
-0.5625 1.625 1.65552
-0.5625 1.6875 1.71691
-0.5625 1.75 1.77837
-0.5625 1.8125 1.83991
-0.5625 1.875 1.90151
-0.5625 1.9375 1.96317
-0.5 -2 2.01556
-0.5 -1.9375 1.95356
-0.5 -1.875 1.89159
-0.5 -1.8125 1.82966
-0.5 -1.75 1.76777
-0.5 -1.6875 1.70592
-0.5 -1.625 1.64412
-0.5 -1.5625 1.58237
-0.5 -1.5 1.52069
-0.5 -1.4375 1.45908
-0.5 -1.375 1.39754
-0.5 -1.3125 1.3361
-0.5 -1.25 1.27475
-0.5 -1.1875 1.21353
-0.5 -1.125 1.15244
-0.5 -1.0625 1.09152
-0.5 -1 1.03078
-0.5 -0.9375 0.970261
-0.5 -0.875 0.910014
-0.5 -0.8125 0.850092
-0.5 -0.75 0.790569
-0.5 -0.6875 0.731544
-0.5 -0.625 0.673146
-0.5 -0.5625 0.615554
-0.5 -0.5 0.559017
-0.5 -0.4375 0.503891
-0.5 -0.375 0.450694
-0.5 -0.3125 0.400195
-0.5 -0.25 0.353553
-0.5 -0.1875 0.3125
-0.5 -0.125 0.279508
-0.5 -0.0625 0.257694
-0.5 0 0.25
-0.5 0.0625 0.257694
-0.5 0.125 0.279508
-0.5 0.1875 0.3125
-0.5 0.25 0.353553
-0.5 0.3125 0.400195
-0.5 0.375 0.450694
-0.5 0.4375 0.503891
-0.5 0.5 0.559017
-0.5 0.5625 0.615554
-0.5 0.625 0.673146
-0.5 0.6875 0.731544
-0.5 0.75 0.790569
-0.5 0.8125 0.850092
-0.5 0.875 0.910014
-0.5 0.9375 0.970261
-0.5 1 1.03078
-0.5 1.0625 1.09152
-0.5 1.125 1.15244
-0.5 1.1875 1.21353
-0.5 1.25 1.27475
-0.5 1.3125 1.3361
-0.5 1.375 1.39754
-0.5 1.4375 1.45908
-0.5 1.5 1.52069
-0.5 1.5625 1.58237
-0.5 1.625 1.64412
-0.5 1.6875 1.70592
-0.5 1.75 1.76777
-0.5 1.8125 1.82966
-0.5 1.875 1.89159
-0.5 1.9375 1.95356
-0.4375 -2 2.00914
-0.4375 -1.9375 1.94693
-0.4375 -1.875 1.88474
-0.4375 -1.8125 1.82258
-0.4375 -1.75 1.76044
-0.4375 -1.6875 1.69832
-0.4375 -1.625 1.63623
-0.4375 -1.5625 1.57418
-0.4375 -1.5 1.51216
-0.4375 -1.4375 1.45019
-0.4375 -1.375 1.38826
-0.4375 -1.3125 1.32638
-0.4375 -1.25 1.26457
-0.4375 -1.1875 1.20283
-0.4375 -1.125 1.14117
-0.4375 -1.0625 1.0796
-0.4375 -1 1.01815
-0.4375 -0.9375 0.95684
-0.4375 -0.875 0.89569
-0.4375 -0.8125 0.834741
-0.4375 -0.75 0.774039
-0.4375 -0.6875 0.713647
-0.4375 -0.625 0.653652
-0.4375 -0.5625 0.594174
-0.4375 -0.5 0.535384
-0.4375 -0.4375 0.477538
-0.4375 -0.375 0.421024
-0.4375 -0.3125 0.36646
-0.4375 -0.25 0.314859
-0.4375 -0.1875 0.267941
-0.4375 -0.125 0.228607
-0.4375 -0.0625 0.201352
-0.4375 0 0.191406
-0.4375 0.0625 0.201352
-0.4375 0.125 0.228607
-0.4375 0.1875 0.267941
-0.4375 0.25 0.314859
-0.4375 0.3125 0.36646
-0.4375 0.375 0.421024
-0.4375 0.4375 0.477538
-0.4375 0.5 0.535384
-0.4375 0.5625 0.594174
-0.4375 0.625 0.653652
-0.4375 0.6875 0.713647
-0.4375 0.75 0.774039
-0.4375 0.8125 0.834741
-0.4375 0.875 0.89569
-0.4375 0.9375 0.95684
-0.4375 1 1.01815
-0.4375 1.0625 1.0796
-0.4375 1.125 1.14117
-0.4375 1.1875 1.20283
-0.4375 1.25 1.26457
-0.4375 1.3125 1.32638
-0.4375 1.375 1.38826
-0.4375 1.4375 1.45019
-0.4375 1.5 1.51216
-0.4375 1.5625 1.57418
-0.4375 1.625 1.63623
-0.4375 1.6875 1.69832
-0.4375 1.75 1.76044
-0.4375 1.8125 1.82258
-0.4375 1.875 1.88474
-0.4375 1.9375 1.94693
-0.375 -2 2.00494
-0.375 -1.9375 1.9426
-0.375 -1.875 1.88027
-0.375 -1.8125 1.81795
-0.375 -1.75 1.75564
-0.375 -1.6875 1.69335
-0.375 -1.625 1.63107
-0.375 -1.5625 1.56882
-0.375 -1.5 1.50658
-0.375 -1.4375 1.44436
-0.375 -1.375 1.38217
-0.375 -1.3125 1.32001
-0.375 -1.25 1.25789
-0.375 -1.1875 1.1958
-0.375 -1.125 1.13375
-0.375 -1.0625 1.07177
-0.375 -1 1.00984
-0.375 -0.9375 0.947988
-0.375 -0.875 0.886228
-0.375 -0.8125 0.82458
-0.375 -0.75 0.76307
-0.375 -0.6875 0.701735
-0.375 -0.625 0.640625
-0.375 -0.5625 0.579812
-0.375 -0.5 0.519399
-0.375 -0.4375 0.459545
-0.375 -0.375 0.4005
-0.375 -0.3125 0.342683
-0.375 -0.25 0.286837
-0.375 -0.1875 0.234375
-0.375 -0.125 0.18815
-0.375 -0.0625 0.153888
-0.375 0 0.140625
-0.375 0.0625 0.153888
-0.375 0.125 0.18815
-0.375 0.1875 0.234375
-0.375 0.25 0.286837
-0.375 0.3125 0.342683
-0.375 0.375 0.4005
-0.375 0.4375 0.459545
-0.375 0.5 0.519399
-0.375 0.5625 0.579812
-0.375 0.625 0.640625
-0.375 0.6875 0.701735
-0.375 0.75 0.76307
-0.375 0.8125 0.82458
-0.375 0.875 0.886228
-0.375 0.9375 0.947988
-0.375 1 1.00984
-0.375 1.0625 1.07177
-0.375 1.125 1.13375
-0.375 1.1875 1.1958
-0.375 1.25 1.25789
-0.375 1.3125 1.32001
-0.375 1.375 1.38217
-0.375 1.4375 1.44436
-0.375 1.5 1.50658
-0.375 1.5625 1.56882
-0.375 1.625 1.63107
-0.375 1.6875 1.69335
-0.375 1.75 1.75564
-0.375 1.8125 1.81795
-0.375 1.875 1.88027
-0.375 1.9375 1.9426
-0.3125 -2 2.00238
-0.3125 -1.9375 1.93996
-0.3125 -1.875 1.87754
-0.3125 -1.8125 1.81513
-0.3125 -1.75 1.75272
-0.3125 -1.6875 1.69032
-0.3125 -1.625 1.62793
-0.3125 -1.5625 1.56555
-0.3125 -1.5 1.50318
-0.3125 -1.4375 1.44081
-0.3125 -1.375 1.37846
-0.3125 -1.3125 1.31613
-0.3125 -1.25 1.25381
-0.3125 -1.1875 1.19151
-0.3125 -1.125 1.12923
-0.3125 -1.0625 1.06698
-0.3125 -1 1.00476
-0.3125 -0.9375 0.942573
-0.3125 -0.875 0.880433
-0.3125 -0.8125 0.818348
-0.3125 -0.75 0.756331
-0.3125 -0.6875 0.694401
-0.3125 -0.625 0.632583
-0.3125 -0.5625 0.570914
-0.3125 -0.5 0.509447
-0.3125 -0.4375 0.448267
-0.3125 -0.375 0.387507
-0.3125 -0.3125 0.327403
-0.3125 -0.25 0.268397
-0.3125 -0.1875 0.211407
-0.3125 -0.125 0.158625
-0.3125 -0.0625 0.115944
-0.3125 0 0.0976562
-0.3125 0.0625 0.115944
-0.3125 0.125 0.158625
-0.3125 0.1875 0.211407
-0.3125 0.25 0.268397
-0.3125 0.3125 0.327403
-0.3125 0.375 0.387507
-0.3125 0.4375 0.448267
-0.3125 0.5 0.509447
-0.3125 0.5625 0.570914
-0.3125 0.625 0.632583
-0.3125 0.6875 0.694401
-0.3125 0.75 0.756331
-0.3125 0.8125 0.818348
-0.3125 0.875 0.880433
-0.3125 0.9375 0.942573
-0.3125 1 1.00476
-0.3125 1.0625 1.06698
-0.3125 1.125 1.12923
-0.3125 1.1875 1.19151
-0.3125 1.25 1.25381
-0.3125 1.3125 1.31613
-0.3125 1.375 1.37846
-0.3125 1.4375 1.44081
-0.3125 1.5 1.50318
-0.3125 1.5625 1.56555
-0.3125 1.625 1.62793
-0.3125 1.6875 1.69032
-0.3125 1.75 1.75272
-0.3125 1.8125 1.81513
-0.3125 1.875 1.87754
-0.3125 1.9375 1.93996
-0.25 -2 2.00098
-0.25 -1.9375 1.93851
-0.25 -1.875 1.87604
-0.25 -1.8125 1.81358
-0.25 -1.75 1.75112
-0.25 -1.6875 1.68866
-0.25 -1.625 1.6262
-0.25 -1.5625 1.56375
-0.25 -1.5 1.5013
-0.25 -1.4375 1.43886
-0.25 -1.375 1.37642
-0.25 -1.3125 1.31399
-0.25 -1.25 1.25156
-0.25 -1.1875 1.18914
-0.25 -1.125 1.12673
-0.25 -1.0625 1.06434
-0.25 -1 1.00195
-0.25 -0.9375 0.939581
-0.25 -0.875 0.877229
-0.25 -0.8125 0.8149
-0.25 -0.75 0.7526
-0.25 -0.6875 0.690335
-0.25 -0.625 0.628117
-0.25 -0.5625 0.565962
-0.25 -0.5 0.503891
-0.25 -0.4375 0.441942
-0.25 -0.375 0.380173
-0.25 -0.3125 0.318689
-0.25 -0.25 0.257694
-0.25 -0.1875 0.197642
-0.25 -0.125 0.139754
-0.25 -0.0625 0.0883883
-0.25 0 0.0625
-0.25 0.0625 0.0883883
-0.25 0.125 0.139754
-0.25 0.1875 0.197642
-0.25 0.25 0.257694
-0.25 0.3125 0.318689
-0.25 0.375 0.380173
-0.25 0.4375 0.441942
-0.25 0.5 0.503891
-0.25 0.5625 0.565962
-0.25 0.625 0.628117
-0.25 0.6875 0.690335
-0.25 0.75 0.7526
-0.25 0.8125 0.8149
-0.25 0.875 0.877229
-0.25 0.9375 0.939581
-0.25 1 1.00195
-0.25 1.0625 1.06434
-0.25 1.125 1.12673
-0.25 1.1875 1.18914
-0.25 1.25 1.25156
-0.25 1.3125 1.31399
-0.25 1.375 1.37642
-0.25 1.4375 1.43886
-0.25 1.5 1.5013
-0.25 1.5625 1.56375
-0.25 1.625 1.6262
-0.25 1.6875 1.68866
-0.25 1.75 1.75112
-0.25 1.8125 1.81358
-0.25 1.875 1.87604
-0.25 1.9375 1.93851
-0.1875 -2 2.00031
-0.1875 -1.9375 1.93782
-0.1875 -1.875 1.87533
-0.1875 -1.8125 1.81284
-0.1875 -1.75 1.75035
-0.1875 -1.6875 1.68787
-0.1875 -1.625 1.62538
-0.1875 -1.5625 1.5629
-0.1875 -1.5 1.50041
-0.1875 -1.4375 1.43793
-0.1875 -1.375 1.37545
-0.1875 -1.3125 1.31297
-0.1875 -1.25 1.25049
-0.1875 -1.1875 1.18802
-0.1875 -1.125 1.12555
-0.1875 -1.0625 1.06308
-0.1875 -1 1.00062
-0.1875 -0.9375 0.938159
-0.1875 -0.875 0.875706
-0.1875 -0.8125 0.81326
-0.1875 -0.75 0.750824
-0.1875 -0.6875 0.688398
-0.1875 -0.625 0.625988
-0.1875 -0.5625 0.563598
-0.1875 -0.5 0.501234
-0.1875 -0.4375 0.43891
-0.1875 -0.375 0.376644
-0.1875 -0.3125 0.314471
-0.1875 -0.25 0.25246
-0.1875 -0.1875 0.190767
-0.1875 -0.125 0.12985
-0.1875 -0.0625 0.0717092
-0.1875 0 0.0351562
-0.1875 0.0625 0.0717092
-0.1875 0.125 0.12985
-0.1875 0.1875 0.190767
-0.1875 0.25 0.25246
-0.1875 0.3125 0.314471
-0.1875 0.375 0.376644
-0.1875 0.4375 0.43891
-0.1875 0.5 0.501234
-0.1875 0.5625 0.563598
-0.1875 0.625 0.625988
-0.1875 0.6875 0.688398
-0.1875 0.75 0.750824
-0.1875 0.8125 0.81326
-0.1875 0.875 0.875706
-0.1875 0.9375 0.938159
-0.1875 1 1.00062
-0.1875 1.0625 1.06308
-0.1875 1.125 1.12555
-0.1875 1.1875 1.18802
-0.1875 1.25 1.25049
-0.1875 1.3125 1.31297
-0.1875 1.375 1.37545
-0.1875 1.4375 1.43793
-0.1875 1.5 1.50041
-0.1875 1.5625 1.5629
-0.1875 1.625 1.62538
-0.1875 1.6875 1.68787
-0.1875 1.75 1.75035
-0.1875 1.8125 1.81284
-0.1875 1.875 1.87533
-0.1875 1.9375 1.93782
-0.125 -2 2.00006
-0.125 -1.9375 1.93756
-0.125 -1.875 1.87507
-0.125 -1.8125 1.81257
-0.125 -1.75 1.75007
-0.125 -1.6875 1.68757
-0.125 -1.625 1.62508
-0.125 -1.5625 1.56258
-0.125 -1.5 1.50008
-0.125 -1.4375 1.43758
-0.125 -1.375 1.37509
-0.125 -1.3125 1.31259
-0.125 -1.25 1.2501
-0.125 -1.1875 1.1876
-0.125 -1.125 1.12511
-0.125 -1.0625 1.06261
-0.125 -1 1.00012
-0.125 -0.9375 0.93763
-0.125 -0.875 0.875139
-0.125 -0.8125 0.81265
-0.125 -0.75 0.750163
-0.125 -0.6875 0.687678
-0.125 -0.625 0.625195
-0.125 -0.5625 0.562717
-0.125 -0.5 0.500244
-0.125 -0.4375 0.437779
-0.125 -0.375 0.375325
-0.125 -0.3125 0.31289
-0.125 -0.25 0.250488
-0.125 -0.1875 0.18815
-0.125 -0.125 0.125973
-0.125 -0.0625 0.0644235
-0.125 0 0.015625
-0.125 0.0625 0.0644235
-0.125 0.125 0.125973
-0.125 0.1875 0.18815
-0.125 0.25 0.250488
-0.125 0.3125 0.31289
-0.125 0.375 0.375325
-0.125 0.4375 0.437779
-0.125 0.5 0.500244
-0.125 0.5625 0.562717
-0.125 0.625 0.625195
-0.125 0.6875 0.687678
-0.125 0.75 0.750163
-0.125 0.8125 0.81265
-0.125 0.875 0.875139
-0.125 0.9375 0.93763
-0.125 1 1.00012
-0.125 1.0625 1.06261
-0.125 1.125 1.12511
-0.125 1.1875 1.1876
-0.125 1.25 1.2501
-0.125 1.3125 1.31259
-0.125 1.375 1.37509
-0.125 1.4375 1.43758
-0.125 1.5 1.50008
-0.125 1.5625 1.56258
-0.125 1.625 1.62508
-0.125 1.6875 1.68757
-0.125 1.75 1.75007
-0.125 1.8125 1.81257
-0.125 1.875 1.87507
-0.125 1.9375 1.93756
-0.0625 -2 2
-0.0625 -1.9375 1.9375
-0.0625 -1.875 1.875
-0.0625 -1.8125 1.8125
-0.0625 -1.75 1.75
-0.0625 -1.6875 1.6875
-0.0625 -1.625 1.625
-0.0625 -1.5625 1.5625
-0.0625 -1.5 1.50001
-0.0625 -1.4375 1.43751
-0.0625 -1.375 1.37501
-0.0625 -1.3125 1.31251
-0.0625 -1.25 1.25001
-0.0625 -1.1875 1.18751
-0.0625 -1.125 1.12501
-0.0625 -1.0625 1.06251
-0.0625 -1 1.00001
-0.0625 -0.9375 0.937508
-0.0625 -0.875 0.875009
-0.0625 -0.8125 0.812509
-0.0625 -0.75 0.75001
-0.0625 -0.6875 0.687511
-0.0625 -0.625 0.625012
-0.0625 -0.5625 0.562514
-0.0625 -0.5 0.500015
-0.0625 -0.4375 0.437517
-0.0625 -0.375 0.37502
-0.0625 -0.3125 0.312524
-0.0625 -0.25 0.250031
-0.0625 -0.1875 0.187541
-0.0625 -0.125 0.125061
-0.0625 -0.0625 0.062622
-0.0625 0 0.00390625
-0.0625 0.0625 0.062622
-0.0625 0.125 0.125061
-0.0625 0.1875 0.187541
-0.0625 0.25 0.250031
-0.0625 0.3125 0.312524
-0.0625 0.375 0.37502
-0.0625 0.4375 0.437517
-0.0625 0.5 0.500015
-0.0625 0.5625 0.562514
-0.0625 0.625 0.625012
-0.0625 0.6875 0.687511
-0.0625 0.75 0.75001
-0.0625 0.8125 0.812509
-0.0625 0.875 0.875009
-0.0625 0.9375 0.937508
-0.0625 1 1.00001
-0.0625 1.0625 1.06251
-0.0625 1.125 1.12501
-0.0625 1.1875 1.18751
-0.0625 1.25 1.25001
-0.0625 1.3125 1.31251
-0.0625 1.375 1.37501
-0.0625 1.4375 1.43751
-0.0625 1.5 1.50001
-0.0625 1.5625 1.5625
-0.0625 1.625 1.625
-0.0625 1.6875 1.6875
-0.0625 1.75 1.75
-0.0625 1.8125 1.8125
-0.0625 1.875 1.875
-0.0625 1.9375 1.9375
0 -2 2
0 -1.9375 1.9375
0 -1.875 1.875
0 -1.8125 1.8125
0 -1.75 1.75
0 -1.6875 1.6875
0 -1.625 1.625
0 -1.5625 1.5625
0 -1.5 1.5
0 -1.4375 1.4375
0 -1.375 1.375
0 -1.3125 1.3125
0 -1.25 1.25
0 -1.1875 1.1875
0 -1.125 1.125
0 -1.0625 1.0625
0 -1 1
0 -0.9375 0.9375
0 -0.875 0.875
0 -0.8125 0.8125
0 -0.75 0.75
0 -0.6875 0.6875
0 -0.625 0.625
0 -0.5625 0.5625
0 -0.5 0.5
0 -0.4375 0.4375
0 -0.375 0.375
0 -0.3125 0.3125
0 -0.25 0.25
0 -0.1875 0.1875
0 -0.125 0.125
0 -0.0625 0.0625
0 0 0
0 0.0625 0.0625
0 0.125 0.125
0 0.1875 0.1875
0 0.25 0.25
0 0.3125 0.3125
0 0.375 0.375
0 0.4375 0.4375
0 0.5 0.5
0 0.5625 0.5625
0 0.625 0.625
0 0.6875 0.6875
0 0.75 0.75
0 0.8125 0.8125
0 0.875 0.875
0 0.9375 0.9375
0 1 1
0 1.0625 1.0625
0 1.125 1.125
0 1.1875 1.1875
0 1.25 1.25
0 1.3125 1.3125
0 1.375 1.375
0 1.4375 1.4375
0 1.5 1.5
0 1.5625 1.5625
0 1.625 1.625
0 1.6875 1.6875
0 1.75 1.75
0 1.8125 1.8125
0 1.875 1.875
0 1.9375 1.9375
0.0625 -2 2
0.0625 -1.9375 1.9375
0.0625 -1.875 1.875
0.0625 -1.8125 1.8125
0.0625 -1.75 1.75
0.0625 -1.6875 1.6875
0.0625 -1.625 1.625
0.0625 -1.5625 1.5625
0.0625 -1.5 1.50001
0.0625 -1.4375 1.43751
0.0625 -1.375 1.37501
0.0625 -1.3125 1.31251
0.0625 -1.25 1.25001
0.0625 -1.1875 1.18751
0.0625 -1.125 1.12501
0.0625 -1.0625 1.06251
0.0625 -1 1.00001
0.0625 -0.9375 0.937508
0.0625 -0.875 0.875009
0.0625 -0.8125 0.812509
0.0625 -0.75 0.75001
0.0625 -0.6875 0.687511
0.0625 -0.625 0.625012
0.0625 -0.5625 0.562514
0.0625 -0.5 0.500015
0.0625 -0.4375 0.437517
0.0625 -0.375 0.37502
0.0625 -0.3125 0.312524
0.0625 -0.25 0.250031
0.0625 -0.1875 0.187541
0.0625 -0.125 0.125061
0.0625 -0.0625 0.062622
0.0625 0 0.00390625
0.0625 0.0625 0.062622
0.0625 0.125 0.125061
0.0625 0.1875 0.187541
0.0625 0.25 0.250031
0.0625 0.3125 0.312524
0.0625 0.375 0.37502
0.0625 0.4375 0.437517
0.0625 0.5 0.500015
0.0625 0.5625 0.562514
0.0625 0.625 0.625012
0.0625 0.6875 0.687511
0.0625 0.75 0.75001
0.0625 0.8125 0.812509
0.0625 0.875 0.875009
0.0625 0.9375 0.937508
0.0625 1 1.00001
0.0625 1.0625 1.06251
0.0625 1.125 1.12501
0.0625 1.1875 1.18751
0.0625 1.25 1.25001
0.0625 1.3125 1.31251
0.0625 1.375 1.37501
0.0625 1.4375 1.43751
0.0625 1.5 1.50001
0.0625 1.5625 1.5625
0.0625 1.625 1.625
0.0625 1.6875 1.6875
0.0625 1.75 1.75
0.0625 1.8125 1.8125
0.0625 1.875 1.875
0.0625 1.9375 1.9375
0.125 -2 2.00006
0.125 -1.9375 1.93756
0.125 -1.875 1.87507
0.125 -1.8125 1.81257
0.125 -1.75 1.75007
0.125 -1.6875 1.68757
0.125 -1.625 1.62508
0.125 -1.5625 1.56258
0.125 -1.5 1.50008
0.125 -1.4375 1.43758
0.125 -1.375 1.37509
0.125 -1.3125 1.31259
0.125 -1.25 1.2501
0.125 -1.1875 1.1876
0.125 -1.125 1.12511
0.125 -1.0625 1.06261
0.125 -1 1.00012
0.125 -0.9375 0.93763
0.125 -0.875 0.875139
0.125 -0.8125 0.81265
0.125 -0.75 0.750163
0.125 -0.6875 0.687678
0.125 -0.625 0.625195
0.125 -0.5625 0.562717
0.125 -0.5 0.500244
0.125 -0.4375 0.437779
0.125 -0.375 0.375325
0.125 -0.3125 0.31289
0.125 -0.25 0.250488
0.125 -0.1875 0.18815
0.125 -0.125 0.125973
0.125 -0.0625 0.0644235
0.125 0 0.015625
0.125 0.0625 0.0644235
0.125 0.125 0.125973
0.125 0.1875 0.18815
0.125 0.25 0.250488
0.125 0.3125 0.31289
0.125 0.375 0.375325
0.125 0.4375 0.437779
0.125 0.5 0.500244
0.125 0.5625 0.562717
0.125 0.625 0.625195
0.125 0.6875 0.687678
0.125 0.75 0.750163
0.125 0.8125 0.81265
0.125 0.875 0.875139
0.125 0.9375 0.93763
0.125 1 1.00012
0.125 1.0625 1.06261
0.125 1.125 1.12511
0.125 1.1875 1.1876
0.125 1.25 1.2501
0.125 1.3125 1.31259
0.125 1.375 1.37509
0.125 1.4375 1.43758
0.125 1.5 1.50008
0.125 1.5625 1.56258
0.125 1.625 1.62508
0.125 1.6875 1.68757
0.125 1.75 1.75007
0.125 1.8125 1.81257
0.125 1.875 1.87507
0.125 1.9375 1.93756
0.1875 -2 2.00031
0.1875 -1.9375 1.93782
0.1875 -1.875 1.87533
0.1875 -1.8125 1.81284
0.1875 -1.75 1.75035
0.1875 -1.6875 1.68787
0.1875 -1.625 1.62538
0.1875 -1.5625 1.5629
0.1875 -1.5 1.50041
0.1875 -1.4375 1.43793
0.1875 -1.375 1.37545
0.1875 -1.3125 1.31297
0.1875 -1.25 1.25049
0.1875 -1.1875 1.18802
0.1875 -1.125 1.12555
0.1875 -1.0625 1.06308
0.1875 -1 1.00062
0.1875 -0.9375 0.938159
0.1875 -0.875 0.875706
0.1875 -0.8125 0.81326
0.1875 -0.75 0.750824
0.1875 -0.6875 0.688398
0.1875 -0.625 0.625988
0.1875 -0.5625 0.563598
0.1875 -0.5 0.501234
0.1875 -0.4375 0.43891
0.1875 -0.375 0.376644
0.1875 -0.3125 0.314471
0.1875 -0.25 0.25246
0.1875 -0.1875 0.190767
0.1875 -0.125 0.12985
0.1875 -0.0625 0.0717092
0.1875 0 0.0351562
0.1875 0.0625 0.0717092
0.1875 0.125 0.12985
0.1875 0.1875 0.190767
0.1875 0.25 0.25246
0.1875 0.3125 0.314471
0.1875 0.375 0.376644
0.1875 0.4375 0.43891
0.1875 0.5 0.501234
0.1875 0.5625 0.563598
0.1875 0.625 0.625988
0.1875 0.6875 0.688398
0.1875 0.75 0.750824
0.1875 0.8125 0.81326
0.1875 0.875 0.875706
0.1875 0.9375 0.938159
0.1875 1 1.00062
0.1875 1.0625 1.06308
0.1875 1.125 1.12555
0.1875 1.1875 1.18802
0.1875 1.25 1.25049
0.1875 1.3125 1.31297
0.1875 1.375 1.37545
0.1875 1.4375 1.43793
0.1875 1.5 1.50041
0.1875 1.5625 1.5629
0.1875 1.625 1.62538
0.1875 1.6875 1.68787
0.1875 1.75 1.75035
0.1875 1.8125 1.81284
0.1875 1.875 1.87533
0.1875 1.9375 1.93782
0.25 -2 2.00098
0.25 -1.9375 1.93851
0.25 -1.875 1.87604
0.25 -1.8125 1.81358
0.25 -1.75 1.75112
0.25 -1.6875 1.68866
0.25 -1.625 1.6262
0.25 -1.5625 1.56375
0.25 -1.5 1.5013
0.25 -1.4375 1.43886
0.25 -1.375 1.37642
0.25 -1.3125 1.31399
0.25 -1.25 1.25156
0.25 -1.1875 1.18914
0.25 -1.125 1.12673
0.25 -1.0625 1.06434
0.25 -1 1.00195
0.25 -0.9375 0.939581
0.25 -0.875 0.877229
0.25 -0.8125 0.8149
0.25 -0.75 0.7526
0.25 -0.6875 0.690335
0.25 -0.625 0.628117
0.25 -0.5625 0.565962
0.25 -0.5 0.503891
0.25 -0.4375 0.441942
0.25 -0.375 0.380173
0.25 -0.3125 0.318689
0.25 -0.25 0.257694
0.25 -0.1875 0.197642
0.25 -0.125 0.139754
0.25 -0.0625 0.0883883
0.25 0 0.0625
0.25 0.0625 0.0883883
0.25 0.125 0.139754
0.25 0.1875 0.197642
0.25 0.25 0.257694
0.25 0.3125 0.318689
0.25 0.375 0.380173
0.25 0.4375 0.441942
0.25 0.5 0.503891
0.25 0.5625 0.565962
0.25 0.625 0.628117
0.25 0.6875 0.690335
0.25 0.75 0.7526
0.25 0.8125 0.8149
0.25 0.875 0.877229
0.25 0.9375 0.939581
0.25 1 1.00195
0.25 1.0625 1.06434
0.25 1.125 1.12673
0.25 1.1875 1.18914
0.25 1.25 1.25156
0.25 1.3125 1.31399
0.25 1.375 1.37642
0.25 1.4375 1.43886
0.25 1.5 1.5013
0.25 1.5625 1.56375
0.25 1.625 1.6262
0.25 1.6875 1.68866
0.25 1.75 1.75112
0.25 1.8125 1.81358
0.25 1.875 1.87604
0.25 1.9375 1.93851
0.3125 -2 2.00238
0.3125 -1.9375 1.93996
0.3125 -1.875 1.87754
0.3125 -1.8125 1.81513
0.3125 -1.75 1.75272
0.3125 -1.6875 1.69032
0.3125 -1.625 1.62793
0.3125 -1.5625 1.56555
0.3125 -1.5 1.50318
0.3125 -1.4375 1.44081
0.3125 -1.375 1.37846
0.3125 -1.3125 1.31613
0.3125 -1.25 1.25381
0.3125 -1.1875 1.19151
0.3125 -1.125 1.12923
0.3125 -1.0625 1.06698
0.3125 -1 1.00476
0.3125 -0.9375 0.942573
0.3125 -0.875 0.880433
0.3125 -0.8125 0.818348
0.3125 -0.75 0.756331
0.3125 -0.6875 0.694401
0.3125 -0.625 0.632583
0.3125 -0.5625 0.570914
0.3125 -0.5 0.509447
0.3125 -0.4375 0.448267
0.3125 -0.375 0.387507
0.3125 -0.3125 0.327403
0.3125 -0.25 0.268397
0.3125 -0.1875 0.211407
0.3125 -0.125 0.158625
0.3125 -0.0625 0.115944
0.3125 0 0.0976562
0.3125 0.0625 0.115944
0.3125 0.125 0.158625
0.3125 0.1875 0.211407
0.3125 0.25 0.268397
0.3125 0.3125 0.327403
0.3125 0.375 0.387507
0.3125 0.4375 0.448267
0.3125 0.5 0.509447
0.3125 0.5625 0.570914
0.3125 0.625 0.632583
0.3125 0.6875 0.694401
0.3125 0.75 0.756331
0.3125 0.8125 0.818348
0.3125 0.875 0.880433
0.3125 0.9375 0.942573
0.3125 1 1.00476
0.3125 1.0625 1.06698
0.3125 1.125 1.12923
0.3125 1.1875 1.19151
0.3125 1.25 1.25381
0.3125 1.3125 1.31613
0.3125 1.375 1.37846
0.3125 1.4375 1.44081
0.3125 1.5 1.50318
0.3125 1.5625 1.56555
0.3125 1.625 1.62793
0.3125 1.6875 1.69032
0.3125 1.75 1.75272
0.3125 1.8125 1.81513
0.3125 1.875 1.87754
0.3125 1.9375 1.93996
0.375 -2 2.00494
0.375 -1.9375 1.9426
0.375 -1.875 1.88027
0.375 -1.8125 1.81795
0.375 -1.75 1.75564
0.375 -1.6875 1.69335
0.375 -1.625 1.63107
0.375 -1.5625 1.56882
0.375 -1.5 1.50658
0.375 -1.4375 1.44436
0.375 -1.375 1.38217
0.375 -1.3125 1.32001
0.375 -1.25 1.25789
0.375 -1.1875 1.1958
0.375 -1.125 1.13375
0.375 -1.0625 1.07177
0.375 -1 1.00984
0.375 -0.9375 0.947988
0.375 -0.875 0.886228
0.375 -0.8125 0.82458
0.375 -0.75 0.76307
0.375 -0.6875 0.701735
0.375 -0.625 0.640625
0.375 -0.5625 0.579812
0.375 -0.5 0.519399
0.375 -0.4375 0.459545
0.375 -0.375 0.4005
0.375 -0.3125 0.342683
0.375 -0.25 0.286837
0.375 -0.1875 0.234375
0.375 -0.125 0.18815
0.375 -0.0625 0.153888
0.375 0 0.140625
0.375 0.0625 0.153888
0.375 0.125 0.18815
0.375 0.1875 0.234375
0.375 0.25 0.286837
0.375 0.3125 0.342683
0.375 0.375 0.4005
0.375 0.4375 0.459545
0.375 0.5 0.519399
0.375 0.5625 0.579812
0.375 0.625 0.640625
0.375 0.6875 0.701735
0.375 0.75 0.76307
0.375 0.8125 0.82458
0.375 0.875 0.886228
0.375 0.9375 0.947988
0.375 1 1.00984
0.375 1.0625 1.07177
0.375 1.125 1.13375
0.375 1.1875 1.1958
0.375 1.25 1.25789
0.375 1.3125 1.32001
0.375 1.375 1.38217
0.375 1.4375 1.44436
0.375 1.5 1.50658
0.375 1.5625 1.56882
0.375 1.625 1.63107
0.375 1.6875 1.69335
0.375 1.75 1.75564
0.375 1.8125 1.81795
0.375 1.875 1.88027
0.375 1.9375 1.9426
0.4375 -2 2.00914
0.4375 -1.9375 1.94693
0.4375 -1.875 1.88474
0.4375 -1.8125 1.82258
0.4375 -1.75 1.76044
0.4375 -1.6875 1.69832
0.4375 -1.625 1.63623
0.4375 -1.5625 1.57418
0.4375 -1.5 1.51216
0.4375 -1.4375 1.45019
0.4375 -1.375 1.38826
0.4375 -1.3125 1.32638
0.4375 -1.25 1.26457
0.4375 -1.1875 1.20283
0.4375 -1.125 1.14117
0.4375 -1.0625 1.0796
0.4375 -1 1.01815
0.4375 -0.9375 0.95684
0.4375 -0.875 0.89569
0.4375 -0.8125 0.834741
0.4375 -0.75 0.774039
0.4375 -0.6875 0.713647
0.4375 -0.625 0.653652
0.4375 -0.5625 0.594174
0.4375 -0.5 0.535384
0.4375 -0.4375 0.477538
0.4375 -0.375 0.421024
0.4375 -0.3125 0.36646
0.4375 -0.25 0.314859
0.4375 -0.1875 0.267941
0.4375 -0.125 0.228607
0.4375 -0.0625 0.201352
0.4375 0 0.191406
0.4375 0.0625 0.201352
0.4375 0.125 0.228607
0.4375 0.1875 0.267941
0.4375 0.25 0.314859
0.4375 0.3125 0.36646
0.4375 0.375 0.421024
0.4375 0.4375 0.477538
0.4375 0.5 0.535384
0.4375 0.5625 0.594174
0.4375 0.625 0.653652
0.4375 0.6875 0.713647
0.4375 0.75 0.774039
0.4375 0.8125 0.834741
0.4375 0.875 0.89569
0.4375 0.9375 0.95684
0.4375 1 1.01815
0.4375 1.0625 1.0796
0.4375 1.125 1.14117
0.4375 1.1875 1.20283
0.4375 1.25 1.26457
0.4375 1.3125 1.32638
0.4375 1.375 1.38826
0.4375 1.4375 1.45019
0.4375 1.5 1.51216
0.4375 1.5625 1.57418
0.4375 1.625 1.63623
0.4375 1.6875 1.69832
0.4375 1.75 1.76044
0.4375 1.8125 1.82258
0.4375 1.875 1.88474
0.4375 1.9375 1.94693
0.5 -2 2.01556
0.5 -1.9375 1.95356
0.5 -1.875 1.89159
0.5 -1.8125 1.82966
0.5 -1.75 1.76777
0.5 -1.6875 1.70592
0.5 -1.625 1.64412
0.5 -1.5625 1.58237
0.5 -1.5 1.52069
0.5 -1.4375 1.45908
0.5 -1.375 1.39754
0.5 -1.3125 1.3361
0.5 -1.25 1.27475
0.5 -1.1875 1.21353
0.5 -1.125 1.15244
0.5 -1.0625 1.09152
0.5 -1 1.03078
0.5 -0.9375 0.970261
0.5 -0.875 0.910014
0.5 -0.8125 0.850092
0.5 -0.75 0.790569
0.5 -0.6875 0.731544
0.5 -0.625 0.673146
0.5 -0.5625 0.615554
0.5 -0.5 0.559017
0.5 -0.4375 0.503891
0.5 -0.375 0.450694
0.5 -0.3125 0.400195
0.5 -0.25 0.353553
0.5 -0.1875 0.3125
0.5 -0.125 0.279508
0.5 -0.0625 0.257694
0.5 0 0.25
0.5 0.0625 0.257694
0.5 0.125 0.279508
0.5 0.1875 0.3125
0.5 0.25 0.353553
0.5 0.3125 0.400195
0.5 0.375 0.450694
0.5 0.4375 0.503891
0.5 0.5 0.559017
0.5 0.5625 0.615554
0.5 0.625 0.673146
0.5 0.6875 0.731544
0.5 0.75 0.790569
0.5 0.8125 0.850092
0.5 0.875 0.910014
0.5 0.9375 0.970261
0.5 1 1.03078
0.5 1.0625 1.09152
0.5 1.125 1.15244
0.5 1.1875 1.21353
0.5 1.25 1.27475
0.5 1.3125 1.3361
0.5 1.375 1.39754
0.5 1.4375 1.45908
0.5 1.5 1.52069
0.5 1.5625 1.58237
0.5 1.625 1.64412
0.5 1.6875 1.70592
0.5 1.75 1.76777
0.5 1.8125 1.82966
0.5 1.875 1.89159
0.5 1.9375 1.95356
0.5625 -2 2.02487
0.5625 -1.9375 1.96317
0.5625 -1.875 1.90151
0.5625 -1.8125 1.83991
0.5625 -1.75 1.77837
0.5625 -1.6875 1.71691
0.5625 -1.625 1.65552
0.5625 -1.5625 1.59421
0.5625 -1.5 1.53301
0.5625 -1.4375 1.47191
0.5625 -1.375 1.41094
0.5625 -1.3125 1.3501
0.5625 -1.25 1.28942
0.5625 -1.1875 1.22893
0.5625 -1.125 1.16865
0.5625 -1.0625 1.10861
0.5625 -1 1.04886
0.5625 -0.9375 0.989454
0.5625 -0.875 0.93045
0.5625 -0.8125 0.871934
0.5625 -0.75 0.81401
0.5625 -0.6875 0.756815
0.5625 -0.625 0.700527
0.5625 -0.5625 0.645383
0.5625 -0.5 0.591703
0.5625 -0.4375 0.539925
0.5625 -0.375 0.490651
0.5625 -0.3125 0.444712
0.5625 -0.25 0.403253
0.5625 -0.1875 0.36779
0.5625 -0.125 0.340203
0.5625 -0.0625 0.32252
0.5625 0 0.316406
0.5625 0.0625 0.32252
0.5625 0.125 0.340203
0.5625 0.1875 0.36779
0.5625 0.25 0.403253
0.5625 0.3125 0.444712
0.5625 0.375 0.490651
0.5625 0.4375 0.539925
0.5625 0.5 0.591703
0.5625 0.5625 0.645383
0.5625 0.625 0.700527
0.5625 0.6875 0.756815
0.5625 0.75 0.81401
0.5625 0.8125 0.871934
0.5625 0.875 0.93045
0.5625 0.9375 0.989454
0.5625 1 1.04886
0.5625 1.0625 1.10861
0.5625 1.125 1.16865
0.5625 1.1875 1.22893
0.5625 1.25 1.28942
0.5625 1.3125 1.3501
0.5625 1.375 1.41094
0.5625 1.4375 1.47191
0.5625 1.5 1.53301
0.5625 1.5625 1.59421
0.5625 1.625 1.65552
0.5625 1.6875 1.71691
0.5625 1.75 1.77837
0.5625 1.8125 1.83991
0.5625 1.875 1.90151
0.5625 1.9375 1.96317
0.625 -2 2.03779
0.625 -1.9375 1.97649
0.625 -1.875 1.91526
0.625 -1.8125 1.85412
0.625 -1.75 1.79307
0.625 -1.6875 1.73212
0.625 -1.625 1.67129
0.625 -1.5625 1.61059
0.625 -1.5 1.55003
0.625 -1.4375 1.48963
0.625 -1.375 1.42941
0.625 -1.3125 1.3694
0.625 -1.25 1.30961
0.625 -1.1875 1.2501
0.625 -1.125 1.19089
0.625 -1.0625 1.13203
0.625 -1 1.07359
0.625 -0.9375 1.01562
0.625 -0.875 0.958234
0.625 -0.8125 0.901523
0.625 -0.75 0.845629
0.625 -0.6875 0.790724
0.625 -0.625 0.73703
0.625 -0.5625 0.684831
0.625 -0.5 0.634498
0.625 -0.4375 0.58651
0.625 -0.375 0.541491
0.625 -0.3125 0.500244
0.625 -0.25 0.463776
0.625 -0.1875 0.433295
0.625 -0.125 0.410138
0.625 -0.0625 0.395593
0.625 0 0.390625
0.625 0.0625 0.395593
0.625 0.125 0.410138
0.625 0.1875 0.433295
0.625 0.25 0.463776
0.625 0.3125 0.500244
0.625 0.375 0.541491
0.625 0.4375 0.58651
0.625 0.5 0.634498
0.625 0.5625 0.684831
0.625 0.625 0.73703
0.625 0.6875 0.790724
0.625 0.75 0.845629
0.625 0.8125 0.901523
0.625 0.875 0.958234
0.625 0.9375 1.01562
0.625 1 1.07359
0.625 1.0625 1.13203
0.625 1.125 1.19089
0.625 1.1875 1.2501
0.625 1.25 1.30961
0.625 1.3125 1.3694
0.625 1.375 1.42941
0.625 1.4375 1.48963
0.625 1.5 1.55003
0.625 1.5625 1.61059
0.625 1.625 1.67129
0.625 1.6875 1.73212
0.625 1.75 1.79307
0.625 1.8125 1.85412
0.625 1.875 1.91526
0.625 1.9375 1.97649
0.6875 -2 2.05509
0.6875 -1.9375 1.99432
0.6875 -1.875 1.93366
0.6875 -1.8125 1.87312
0.6875 -1.75 1.81271
0.6875 -1.6875 1.75244
0.6875 -1.625 1.69234
0.6875 -1.5625 1.63242
0.6875 -1.5 1.57271
0.6875 -1.4375 1.51321
0.6875 -1.375 1.45397
0.6875 -1.3125 1.39501
0.6875 -1.25 1.33638
0.6875 -1.1875 1.27811
0.6875 -1.125 1.22026
0.6875 -1.0625 1.16289
0.6875 -1 1.10608
0.6875 -0.9375 1.04991
0.6875 -0.875 0.994499
0.6875 -0.8125 0.939979
0.6875 -0.75 0.886512
0.6875 -0.6875 0.834302
0.6875 -0.625 0.7836
0.6875 -0.5625 0.734718
0.6875 -0.5 0.688044
0.6875 -0.4375 0.644058
0.6875 -0.375 0.603348
0.6875 -0.3125 0.566622
0.6875 -0.25 0.5347
0.6875 -0.1875 0.508488
0.6875 -0.125 0.488906
0.6875 -0.0625 0.476771
0.6875 0 0.472656
0.6875 0.0625 0.476771
0.6875 0.125 0.488906
0.6875 0.1875 0.508488
0.6875 0.25 0.5347
0.6875 0.3125 0.566622
0.6875 0.375 0.603348
0.6875 0.4375 0.644058
0.6875 0.5 0.688044
0.6875 0.5625 0.734718
0.6875 0.625 0.7836
0.6875 0.6875 0.834302
0.6875 0.75 0.886512
0.6875 0.8125 0.939979
0.6875 0.875 0.994499
0.6875 0.9375 1.04991
0.6875 1 1.10608
0.6875 1.0625 1.16289
0.6875 1.125 1.22026
0.6875 1.1875 1.27811
0.6875 1.25 1.33638
0.6875 1.3125 1.39501
0.6875 1.375 1.45397
0.6875 1.4375 1.51321
0.6875 1.5 1.57271
0.6875 1.5625 1.63242
0.6875 1.625 1.69234
0.6875 1.6875 1.75244
0.6875 1.75 1.81271
0.6875 1.8125 1.87312
0.6875 1.875 1.93366
0.6875 1.9375 1.99432
0.75 -2 2.0776
0.75 -1.9375 2.0175
0.75 -1.875 1.95756
0.75 -1.8125 1.89778
0.75 -1.75 1.83818
0.75 -1.6875 1.77878
0.75 -1.625 1.7196
0.75 -1.5625 1.66067
0.75 -1.5 1.602
0.75 -1.4375 1.54364
0.75 -1.375 1.48561
0.75 -1.3125 1.42796
0.75 -1.25 1.37073
0.75 -1.1875 1.31399
0.75 -1.125 1.25779
0.75 -1.0625 1.20221
0.75 -1 1.14735
0.75 -0.9375 1.0933
0.75 -0.875 1.04021
0.75 -0.8125 0.988212
0.75 -0.75 0.9375
0.75 -0.6875 0.888292
0.75 -0.625 0.840852
0.75 -0.5625 0.795495
0.75 -0.5 0.7526
0.75 -0.4375 0.71261
0.75 -0.375 0.676041
0.75 -0.3125 0.643477
0.75 -0.25 0.615554
0.75 -0.1875 0.592927
0.75 -0.125 0.576222
0.75 -0.0625 0.565962
0.75 0 0.5625
0.75 0.0625 0.565962
0.75 0.125 0.576222
0.75 0.1875 0.592927
0.75 0.25 0.615554
0.75 0.3125 0.643477
0.75 0.375 0.676041
0.75 0.4375 0.71261
0.75 0.5 0.7526
0.75 0.5625 0.795495
0.75 0.625 0.840852
0.75 0.6875 0.888292
0.75 0.75 0.9375
0.75 0.8125 0.988212
0.75 0.875 1.04021
0.75 0.9375 1.0933
0.75 1 1.14735
0.75 1.0625 1.20221
0.75 1.125 1.25779
0.75 1.1875 1.31399
0.75 1.25 1.37073
0.75 1.3125 1.42796
0.75 1.375 1.48561
0.75 1.4375 1.54364
0.75 1.5 1.602
0.75 1.5625 1.66067
0.75 1.625 1.7196
0.75 1.6875 1.77878
0.75 1.75 1.83818
0.75 1.8125 1.89778
0.75 1.875 1.95756
0.75 1.9375 2.0175
0.8125 -2 2.10614
0.8125 -1.9375 2.04688
0.8125 -1.875 1.98782
0.8125 -1.8125 1.92898
0.8125 -1.75 1.87038
0.8125 -1.6875 1.81203
0.8125 -1.625 1.75398
0.8125 -1.5625 1.69623
0.8125 -1.5 1.63884
0.8125 -1.4375 1.58184
0.8125 -1.375 1.52526
0.8125 -1.3125 1.46917
0.8125 -1.25 1.41361
0.8125 -1.1875 1.35866
0.8125 -1.125 1.30439
0.8125 -1.0625 1.25088
0.8125 -1 1.19825
0.8125 -0.9375 1.14661
0.8125 -0.875 1.0961
0.8125 -0.8125 1.04688
0.8125 -0.75 0.999153
0.8125 -0.6875 0.953133
0.8125 -0.625 0.909083
0.8125 -0.5625 0.867302
0.8125 -0.5 0.828134
0.8125 -0.4375 0.791968
0.8125 -0.375 0.759231
0.8125 -0.3125 0.730385
0.8125 -0.25 0.705908
0.8125 -0.1875 0.686267
0.8125 -0.125 0.671886
0.8125 -0.0625 0.663108
0.8125 0 0.660156
0.8125 0.0625 0.663108
0.8125 0.125 0.671886
0.8125 0.1875 0.686267
0.8125 0.25 0.705908
0.8125 0.3125 0.730385
0.8125 0.375 0.759231
0.8125 0.4375 0.791968
0.8125 0.5 0.828134
0.8125 0.5625 0.867302
0.8125 0.625 0.909083
0.8125 0.6875 0.953133
0.8125 0.75 0.999153
0.8125 0.8125 1.04688
0.8125 0.875 1.0961
0.8125 0.9375 1.14661
0.8125 1 1.19825
0.8125 1.0625 1.25088
0.8125 1.125 1.30439
0.8125 1.1875 1.35866
0.8125 1.25 1.41361
0.8125 1.3125 1.46917
0.8125 1.375 1.52526
0.8125 1.4375 1.58184
0.8125 1.5 1.63884
0.8125 1.5625 1.69623
0.8125 1.625 1.75398
0.8125 1.6875 1.81203
0.8125 1.75 1.87038
0.8125 1.8125 1.92898
0.8125 1.875 1.98782
0.8125 1.9375 2.04688
0.875 -2 2.14154
0.875 -1.9375 2.08329
0.875 -1.875 2.02529
0.875 -1.8125 1.96757
0.875 -1.75 1.91015
0.875 -1.6875 1.85306
0.875 -1.625 1.79633
0.875 -1.5625 1.74
0.875 -1.5 1.6841
0.875 -1.4375 1.62868
0.875 -1.375 1.57379
0.875 -1.3125 1.51949
0.875 -1.25 1.46584
0.875 -1.1875 1.41292
0.875 -1.125 1.36081
0.875 -1.0625 1.30961
0.875 -1 1.25944
0.875 -0.9375 1.21041
0.875 -0.875 1.16267
0.875 -0.8125 1.1164
0.875 -0.75 1.07177
0.875 -0.6875 1.029
0.875 -0.625 0.988335
0.875 -0.5625 0.950046
0.875 -0.5 0.91443
0.875 -0.4375 0.881809
0.875 -0.375 0.85253
0.875 -0.3125 0.826945
0.875 -0.25 0.805408
0.875 -0.1875 0.78825
0.875 -0.125 0.775762
0.875 -0.0625 0.768172
0.875 0 0.765625
0.875 0.0625 0.768172
0.875 0.125 0.775762
0.875 0.1875 0.78825
0.875 0.25 0.805408
0.875 0.3125 0.826945
0.875 0.375 0.85253
0.875 0.4375 0.881809
0.875 0.5 0.91443
0.875 0.5625 0.950046
0.875 0.625 0.988335
0.875 0.6875 1.029
0.875 0.75 1.07177
0.875 0.8125 1.1164
0.875 0.875 1.16267
0.875 0.9375 1.21041
0.875 1 1.25944
0.875 1.0625 1.30961
0.875 1.125 1.36081
0.875 1.1875 1.41292
0.875 1.25 1.46584
0.875 1.3125 1.51949
0.875 1.375 1.57379
0.875 1.4375 1.62868
0.875 1.5 1.6841
0.875 1.5625 1.74
0.875 1.625 1.79633
0.875 1.6875 1.85306
0.875 1.75 1.91015
0.875 1.8125 1.96757
0.875 1.875 2.02529
0.875 1.9375 2.08329
0.9375 -2 2.1846
0.9375 -1.9375 2.12753
0.9375 -1.875 2.07077
0.9375 -1.8125 2.01436
0.9375 -1.75 1.95831
0.9375 -1.6875 1.90266
0.9375 -1.625 1.84746
0.9375 -1.5625 1.79273
0.9375 -1.5 1.73853
0.9375 -1.4375 1.6849
0.9375 -1.375 1.6319
0.9375 -1.3125 1.5796
0.9375 -1.25 1.52806
0.9375 -1.1875 1.47737
0.9375 -1.125 1.42762
0.9375 -1.0625 1.37891
0.9375 -1 1.33134
0.9375 -0.9375 1.28506
0.9375 -0.875 1.2402
0.9375 -0.8125 1.19693
0.9375 -0.75 1.15541
0.9375 -0.6875 1.11586
0.9375 -0.625 1.07847
0.9375 -0.5625 1.0435
0.9375 -0.5 1.01118
0.9375 -0.4375 0.981775
0.9375 -0.375 0.955563
0.9375 -0.3125 0.932809
0.9375 -0.25 0.91377
0.9375 -0.1875 0.898684
0.9375 -0.125 0.887751
0.9375 -0.0625 0.881126
0.9375 0 0.878906
0.9375 0.0625 0.881126
0.9375 0.125 0.887751
0.9375 0.1875 0.898684
0.9375 0.25 0.91377
0.9375 0.3125 0.932809
0.9375 0.375 0.955563
0.9375 0.4375 0.981775
0.9375 0.5 1.01118
0.9375 0.5625 1.0435
0.9375 0.625 1.07847
0.9375 0.6875 1.11586
0.9375 0.75 1.15541
0.9375 0.8125 1.19693
0.9375 0.875 1.2402
0.9375 0.9375 1.28506
0.9375 1 1.33134
0.9375 1.0625 1.37891
0.9375 1.125 1.42762
0.9375 1.1875 1.47737
0.9375 1.25 1.52806
0.9375 1.3125 1.5796
0.9375 1.375 1.6319
0.9375 1.4375 1.6849
0.9375 1.5 1.73853
0.9375 1.5625 1.79273
0.9375 1.625 1.84746
0.9375 1.6875 1.90266
0.9375 1.75 1.95831
0.9375 1.8125 2.01436
0.9375 1.875 2.07077
0.9375 1.9375 2.12753
1 -2 2.23607
1 -1.9375 2.18035
1 -1.875 2.125
1 -1.8125 2.07006
1 -1.75 2.01556
1 -1.6875 1.96154
1 -1.625 1.90804
1 -1.5625 1.8551
1 -1.5 1.80278
1 -1.4375 1.75112
1 -1.375 1.70018
1 -1.3125 1.65005
1 -1.25 1.60078
1 -1.1875 1.55247
1 -1.125 1.5052
1 -1.0625 1.45908
1 -1 1.41421
1 -0.9375 1.37073
1 -0.875 1.32877
1 -0.8125 1.28847
1 -0.75 1.25
1 -0.6875 1.21353
1 -0.625 1.17925
1 -0.5625 1.14735
1 -0.5 1.11803
1 -0.4375 1.09152
1 -0.375 1.068
1 -0.3125 1.04769
1 -0.25 1.03078
1 -0.1875 1.01743
1 -0.125 1.00778
1 -0.0625 1.00195
1 0 1
1 0.0625 1.00195
1 0.125 1.00778
1 0.1875 1.01743
1 0.25 1.03078
1 0.3125 1.04769
1 0.375 1.068
1 0.4375 1.09152
1 0.5 1.11803
1 0.5625 1.14735
1 0.625 1.17925
1 0.6875 1.21353
1 0.75 1.25
1 0.8125 1.28847
1 0.875 1.32877
1 0.9375 1.37073
1 1 1.41421
1 1.0625 1.45908
1 1.125 1.5052
1 1.1875 1.55247
1 1.25 1.60078
1 1.3125 1.65005
1 1.375 1.70018
1 1.4375 1.75112
1 1.5 1.80278
1 1.5625 1.8551
1 1.625 1.90804
1 1.6875 1.96154
1 1.75 2.01556
1 1.8125 2.07006
1 1.875 2.125
1 1.9375 2.18035
1.0625 -2 2.29661
1.0625 -1.9375 2.2424
1.0625 -1.875 2.18862
1.0625 -1.8125 2.13532
1.0625 -1.75 2.08253
1.0625 -1.6875 2.03029
1.0625 -1.625 1.97865
1.0625 -1.5625 1.92765
1.0625 -1.5 1.87735
1.0625 -1.4375 1.8278
1.0625 -1.375 1.77906
1.0625 -1.3125 1.73121
1.0625 -1.25 1.68432
1.0625 -1.1875 1.63847
1.0625 -1.125 1.59375
1.0625 -1.0625 1.55027
1.0625 -1 1.50812
1.0625 -0.9375 1.46742
1.0625 -0.875 1.4283
1.0625 -0.8125 1.39089
1.0625 -0.75 1.35533
1.0625 -0.6875 1.32177
1.0625 -0.625 1.29037
1.0625 -0.5625 1.26128
1.0625 -0.5 1.23468
1.0625 -0.4375 1.21072
1.0625 -0.375 1.18956
1.0625 -0.3125 1.17136
1.0625 -0.25 1.15626
1.0625 -0.1875 1.14437
1.0625 -0.125 1.13581
1.0625 -0.0625 1.13064
1.0625 0 1.12891
1.0625 0.0625 1.13064
1.0625 0.125 1.13581
1.0625 0.1875 1.14437
1.0625 0.25 1.15626
1.0625 0.3125 1.17136
1.0625 0.375 1.18956
1.0625 0.4375 1.21072
1.0625 0.5 1.23468
1.0625 0.5625 1.26128
1.0625 0.625 1.29037
1.0625 0.6875 1.32177
1.0625 0.75 1.35533
1.0625 0.8125 1.39089
1.0625 0.875 1.4283
1.0625 0.9375 1.46742
1.0625 1 1.50812
1.0625 1.0625 1.55027
1.0625 1.125 1.59375
1.0625 1.1875 1.63847
1.0625 1.25 1.68432
1.0625 1.3125 1.73121
1.0625 1.375 1.77906
1.0625 1.4375 1.8278
1.0625 1.5 1.87735
1.0625 1.5625 1.92765
1.0625 1.625 1.97865
1.0625 1.6875 2.03029
1.0625 1.75 2.08253
1.0625 1.8125 2.13532
1.0625 1.875 2.18862
1.0625 1.9375 2.2424
1.125 -2 2.36681
1.125 -1.9375 2.31424
1.125 -1.875 2.26217
1.125 -1.8125 2.21065
1.125 -1.75 2.1597
1.125 -1.6875 2.10938
1.125 -1.625 2.05972
1.125 -1.5625 2.01077
1.125 -1.5 1.9626
1.125 -1.4375 1.91526
1.125 -1.375 1.8688
1.125 -1.3125 1.82331
1.125 -1.25 1.77885
1.125 -1.1875 1.7355
1.125 -1.125 1.69335
1.125 -1.0625 1.65249
1.125 -1 1.61301
1.125 -0.9375 1.57503
1.125 -0.875 1.53865
1.125 -0.8125 1.50398
1.125 -0.75 1.47116
1.125 -0.6875 1.4403
1.125 -0.625 1.41154
1.125 -0.5625 1.385
1.125 -0.5 1.36081
1.125 -0.4375 1.33911
1.125 -0.375 1.32001
1.125 -0.3125 1.30363
1.125 -0.25 1.29008
1.125 -0.1875 1.27944
1.125 -0.125 1.27178
1.125 -0.0625 1.26717
1.125 0 1.26562
1.125 0.0625 1.26717
1.125 0.125 1.27178
1.125 0.1875 1.27944
1.125 0.25 1.29008
1.125 0.3125 1.30363
1.125 0.375 1.32001
1.125 0.4375 1.33911
1.125 0.5 1.36081
1.125 0.5625 1.385
1.125 0.625 1.41154
1.125 0.6875 1.4403
1.125 0.75 1.47116
1.125 0.8125 1.50398
1.125 0.875 1.53865
1.125 0.9375 1.57503
1.125 1 1.61301
1.125 1.0625 1.65249
1.125 1.125 1.69335
1.125 1.1875 1.7355
1.125 1.25 1.77885
1.125 1.3125 1.82331
1.125 1.375 1.8688
1.125 1.4375 1.91526
1.125 1.5 1.9626
1.125 1.5625 2.01077
1.125 1.625 2.05972
1.125 1.6875 2.10938
1.125 1.75 2.1597
1.125 1.8125 2.21065
1.125 1.875 2.26217
1.125 1.9375 2.31424
1.1875 -2 2.44715
1.1875 -1.9375 2.39634
1.1875 -1.875 2.3461
1.1875 -1.8125 2.29645
1.1875 -1.75 2.24745
1.1875 -1.6875 2.19914
1.1875 -1.625 2.15155
1.1875 -1.5625 2.10474
1.1875 -1.5 2.05877
1.1875 -1.4375 2.01369
1.1875 -1.375 1.96956
1.1875 -1.3125 1.92645
1.1875 -1.25 1.88442
1.1875 -1.1875 1.84356
1.1875 -1.125 1.80393
1.1875 -1.0625 1.76563
1.1875 -1 1.72874
1.1875 -0.9375 1.69335
1.1875 -0.875 1.65957
1.1875 -0.8125 1.62748
1.1875 -0.75 1.5972
1.1875 -0.6875 1.56882
1.1875 -0.625 1.54245
1.1875 -0.5625 1.51821
1.1875 -0.5 1.49618
1.1875 -0.4375 1.47646
1.1875 -0.375 1.45917
1.1875 -0.3125 1.44437
1.1875 -0.25 1.43215
1.1875 -0.1875 1.42257
1.1875 -0.125 1.41569
1.1875 -0.0625 1.41154
1.1875 0 1.41016
1.1875 0.0625 1.41154
1.1875 0.125 1.41569
1.1875 0.1875 1.42257
1.1875 0.25 1.43215
1.1875 0.3125 1.44437
1.1875 0.375 1.45917
1.1875 0.4375 1.47646
1.1875 0.5 1.49618
1.1875 0.5625 1.51821
1.1875 0.625 1.54245
1.1875 0.6875 1.56882
1.1875 0.75 1.5972
1.1875 0.8125 1.62748
1.1875 0.875 1.65957
1.1875 0.9375 1.69335
1.1875 1 1.72874
1.1875 1.0625 1.76563
1.1875 1.125 1.80393
1.1875 1.1875 1.84356
1.1875 1.25 1.88442
1.1875 1.3125 1.92645
1.1875 1.375 1.96956
1.1875 1.4375 2.01369
1.1875 1.5 2.05877
1.1875 1.5625 2.10474
1.1875 1.625 2.15155
1.1875 1.6875 2.19914
1.1875 1.75 2.24745
1.1875 1.8125 2.29645
1.1875 1.875 2.3461
1.1875 1.9375 2.39634
1.25 -2 2.53799
1.25 -1.9375 2.48904
1.25 -1.875 2.4407
1.25 -1.8125 2.39302
1.25 -1.75 2.34604
1.25 -1.6875 2.2998
1.25 -1.625 2.25434
1.25 -1.5625 2.20971
1.25 -1.5 2.16597
1.25 -1.4375 2.12316
1.25 -1.375 2.08135
1.25 -1.3125 2.0406
1.25 -1.25 2.00098
1.25 -1.1875 1.96254
1.25 -1.125 1.92537
1.25 -1.0625 1.88953
1.25 -1 1.8551
1.25 -0.9375 1.82217
1.25 -0.875 1.79082
1.25 -0.8125 1.76113
1.25 -0.75 1.73318
1.25 -0.6875 1.70706
1.25 -0.625 1.68286
1.25 -0.5625 1.66067
1.25 -0.5 1.64055
1.25 -0.4375 1.62259
1.25 -0.375 1.60687
1.25 -0.3125 1.59344
1.25 -0.25 1.58237
1.25 -0.1875 1.57371
1.25 -0.125 1.56749
1.25 -0.0625 1.56375
1.25 0 1.5625
1.25 0.0625 1.56375
1.25 0.125 1.56749
1.25 0.1875 1.57371
1.25 0.25 1.58237
1.25 0.3125 1.59344
1.25 0.375 1.60687
1.25 0.4375 1.62259
1.25 0.5 1.64055
1.25 0.5625 1.66067
1.25 0.625 1.68286
1.25 0.6875 1.70706
1.25 0.75 1.73318
1.25 0.8125 1.76113
1.25 0.875 1.79082
1.25 0.9375 1.82217
1.25 1 1.8551
1.25 1.0625 1.88953
1.25 1.125 1.92537
1.25 1.1875 1.96254
1.25 1.25 2.00098
1.25 1.3125 2.0406
1.25 1.375 2.08135
1.25 1.4375 2.12316
1.25 1.5 2.16597
1.25 1.5625 2.20971
1.25 1.625 2.25434
1.25 1.6875 2.2998
1.25 1.75 2.34604
1.25 1.8125 2.39302
1.25 1.875 2.4407
1.25 1.9375 2.48904
1.3125 -2 2.63961
1.3125 -1.9375 2.59258
1.3125 -1.875 2.54621
1.3125 -1.8125 2.50054
1.3125 -1.75 2.45561
1.3125 -1.6875 2.41147
1.3125 -1.625 2.36816
1.3125 -1.5625 2.32572
1.3125 -1.5 2.28419
1.3125 -1.4375 2.24365
1.3125 -1.375 2.20413
1.3125 -1.3125 2.16569
1.3125 -1.25 2.12839
1.3125 -1.1875 2.0923
1.3125 -1.125 2.05747
1.3125 -1.0625 2.02397
1.3125 -1 1.99187
1.3125 -0.9375 1.96124
1.3125 -0.875 1.93214
1.3125 -0.8125 1.90465
1.3125 -0.75 1.87884
1.3125 -0.6875 1.85478
1.3125 -0.625 1.83253
1.3125 -0.5625 1.81217
1.3125 -0.5 1.79375
1.3125 -0.4375 1.77734
1.3125 -0.375 1.763
1.3125 -0.3125 1.75077
1.3125 -0.25 1.7407
1.3125 -0.1875 1.73283
1.3125 -0.125 1.72719
1.3125 -0.0625 1.72379
1.3125 0 1.72266
1.3125 0.0625 1.72379
1.3125 0.125 1.72719
1.3125 0.1875 1.73283
1.3125 0.25 1.7407
1.3125 0.3125 1.75077
1.3125 0.375 1.763
1.3125 0.4375 1.77734
1.3125 0.5 1.79375
1.3125 0.5625 1.81217
1.3125 0.625 1.83253
1.3125 0.6875 1.85478
1.3125 0.75 1.87884
1.3125 0.8125 1.90465
1.3125 0.875 1.93214
1.3125 0.9375 1.96124
1.3125 1 1.99187
1.3125 1.0625 2.02397
1.3125 1.125 2.05747
1.3125 1.1875 2.0923
1.3125 1.25 2.12839
1.3125 1.3125 2.16569
1.3125 1.375 2.20413
1.3125 1.4375 2.24365
1.3125 1.5 2.28419
1.3125 1.5625 2.32572
1.3125 1.625 2.36816
1.3125 1.6875 2.41147
1.3125 1.75 2.45561
1.3125 1.8125 2.50054
1.3125 1.875 2.54621
1.3125 1.9375 2.59258
1.375 -2 2.75217
1.375 -1.9375 2.7071
1.375 -1.875 2.66272
1.375 -1.8125 2.61909
1.375 -1.75 2.57623
1.375 -1.6875 2.53419
1.375 -1.625 2.49301
1.375 -1.5625 2.45273
1.375 -1.5 2.41339
1.375 -1.4375 2.37505
1.375 -1.375 2.33775
1.375 -1.3125 2.30155
1.375 -1.25 2.26649
1.375 -1.1875 2.23263
1.375 -1.125 2.20002
1.375 -1.0625 2.16873
1.375 -1 2.1388
1.375 -0.9375 2.1103
1.375 -0.875 2.08329
1.375 -0.8125 2.05782
1.375 -0.75 2.03395
1.375 -0.6875 2.01175
1.375 -0.625 1.99125
1.375 -0.5625 1.97253
1.375 -0.5 1.95562
1.375 -0.4375 1.94058
1.375 -0.375 1.92746
1.375 -0.3125 1.91628
1.375 -0.25 1.90708
1.375 -0.1875 1.8999
1.375 -0.125 1.89475
1.375 -0.0625 1.89166
1.375 0 1.89062
1.375 0.0625 1.89166
1.375 0.125 1.89475
1.375 0.1875 1.8999
1.375 0.25 1.90708
1.375 0.3125 1.91628
1.375 0.375 1.92746
1.375 0.4375 1.94058
1.375 0.5 1.95562
1.375 0.5625 1.97253
1.375 0.625 1.99125
1.375 0.6875 2.01175
1.375 0.75 2.03395
1.375 0.8125 2.05782
1.375 0.875 2.08329
1.375 0.9375 2.1103
1.375 1 2.1388
1.375 1.0625 2.16873
1.375 1.125 2.20002
1.375 1.1875 2.23263
1.375 1.25 2.26649
1.375 1.3125 2.30155
1.375 1.375 2.33775
1.375 1.4375 2.37505
1.375 1.5 2.41339
1.375 1.5625 2.45273
1.375 1.625 2.49301
1.375 1.6875 2.53419
1.375 1.75 2.57623
1.375 1.8125 2.61909
1.375 1.875 2.66272
1.375 1.9375 2.7071
1.4375 -2 2.87577
1.4375 -1.9375 2.83266
1.4375 -1.875 2.79028
1.4375 -1.8125 2.74867
1.4375 -1.75 2.70787
1.4375 -1.6875 2.6679
1.4375 -1.625 2.62881
1.4375 -1.5625 2.59064
1.4375 -1.5 2.55344
1.4375 -1.4375 2.51723
1.4375 -1.375 2.48207
1.4375 -1.3125 2.448
1.4375 -1.25 2.41506
1.4375 -1.1875 2.38332
1.4375 -1.125 2.3528
1.4375 -1.0625 2.32356
1.4375 -1 2.29566
1.4375 -0.9375 2.26913
1.4375 -0.875 2.24403
1.4375 -0.8125 2.2204
1.4375 -0.75 2.1983
1.4375 -0.6875 2.17777
1.4375 -0.625 2.15886
1.4375 -0.5625 2.1416
1.4375 -0.5 2.12604
1.4375 -0.4375 2.11221
1.4375 -0.375 2.10016
1.4375 -0.3125 2.0899
1.4375 -0.25 2.08147
1.4375 -0.1875 2.0749
1.4375 -0.125 2.07018
1.4375 -0.0625 2.06735
1.4375 0 2.06641
1.4375 0.0625 2.06735
1.4375 0.125 2.07018
1.4375 0.1875 2.0749
1.4375 0.25 2.08147
1.4375 0.3125 2.0899
1.4375 0.375 2.10016
1.4375 0.4375 2.11221
1.4375 0.5 2.12604
1.4375 0.5625 2.1416
1.4375 0.625 2.15886
1.4375 0.6875 2.17777
1.4375 0.75 2.1983
1.4375 0.8125 2.2204
1.4375 0.875 2.24403
1.4375 0.9375 2.26913
1.4375 1 2.29566
1.4375 1.0625 2.32356
1.4375 1.125 2.3528
1.4375 1.1875 2.38332
1.4375 1.25 2.41506
1.4375 1.3125 2.448
1.4375 1.375 2.48207
1.4375 1.4375 2.51723
1.4375 1.5 2.55344
1.4375 1.5625 2.59064
1.4375 1.625 2.62881
1.4375 1.6875 2.6679
1.4375 1.75 2.70787
1.4375 1.8125 2.74867
1.4375 1.875 2.79028
1.4375 1.9375 2.83266
1.5 -2 3.0104
1.5 -1.9375 2.96924
1.5 -1.875 2.92884
1.5 -1.8125 2.88923
1.5 -1.75 2.85044
1.5 -1.6875 2.8125
1.5 -1.625 2.77545
1.5 -1.5625 2.73933
1.5 -1.5 2.70416
1.5 -1.4375 2.67
1.5 -1.375 2.63688
1.5 -1.3125 2.60483
1.5 -1.25 2.57391
1.5 -1.1875 2.54414
1.5 -1.125 2.51558
1.5 -1.0625 2.48825
1.5 -1 2.46221
1.5 -0.9375 2.4375
1.5 -0.875 2.41415
1.5 -0.8125 2.39221
1.5 -0.75 2.37171
1.5 -0.6875 2.35269
1.5 -0.625 2.33519
1.5 -0.5625 2.31925
1.5 -0.5 2.30489
1.5 -0.4375 2.29214
1.5 -0.375 2.28104
1.5 -0.3125 2.2716
1.5 -0.25 2.26385
1.5 -0.1875 2.2578
1.5 -0.125 2.25347
1.5 -0.0625 2.25087
1.5 0 2.25
1.5 0.0625 2.25087
1.5 0.125 2.25347
1.5 0.1875 2.2578
1.5 0.25 2.26385
1.5 0.3125 2.2716
1.5 0.375 2.28104
1.5 0.4375 2.29214
1.5 0.5 2.30489
1.5 0.5625 2.31925
1.5 0.625 2.33519
1.5 0.6875 2.35269
1.5 0.75 2.37171
1.5 0.8125 2.39221
1.5 0.875 2.41415
1.5 0.9375 2.4375
1.5 1 2.46221
1.5 1.0625 2.48825
1.5 1.125 2.51558
1.5 1.1875 2.54414
1.5 1.25 2.57391
1.5 1.3125 2.60483
1.5 1.375 2.63688
1.5 1.4375 2.67
1.5 1.5 2.70416
1.5 1.5625 2.73933
1.5 1.625 2.77545
1.5 1.6875 2.8125
1.5 1.75 2.85044
1.5 1.8125 2.88923
1.5 1.875 2.92884
1.5 1.9375 2.96924
1.5625 -2 3.15602
1.5625 -1.9375 3.11679
1.5625 -1.875 3.07833
1.5625 -1.8125 3.04066
1.5625 -1.75 3.00382
1.5625 -1.6875 2.96785
1.5625 -1.625 2.93276
1.5625 -1.5625 2.8986
1.5625 -1.5 2.86539
1.5625 -1.4375 2.83317
1.5625 -1.375 2.80198
1.5625 -1.3125 2.77184
1.5625 -1.25 2.7428
1.5625 -1.1875 2.71489
1.5625 -1.125 2.68814
1.5625 -1.0625 2.66259
1.5625 -1 2.63827
1.5625 -0.9375 2.61522
1.5625 -0.875 2.59347
1.5625 -0.8125 2.57306
1.5625 -0.75 2.55401
1.5625 -0.6875 2.53636
1.5625 -0.625 2.52014
1.5625 -0.5625 2.50537
1.5625 -0.5 2.49208
1.5625 -0.4375 2.4803
1.5625 -0.375 2.47004
1.5625 -0.3125 2.46132
1.5625 -0.25 2.45417
1.5625 -0.1875 2.4486
1.5625 -0.125 2.4446
1.5625 -0.0625 2.44221
1.5625 0 2.44141
1.5625 0.0625 2.44221
1.5625 0.125 2.4446
1.5625 0.1875 2.4486
1.5625 0.25 2.45417
1.5625 0.3125 2.46132
1.5625 0.375 2.47004
1.5625 0.4375 2.4803
1.5625 0.5 2.49208
1.5625 0.5625 2.50537
1.5625 0.625 2.52014
1.5625 0.6875 2.53636
1.5625 0.75 2.55401
1.5625 0.8125 2.57306
1.5625 0.875 2.59347
1.5625 0.9375 2.61522
1.5625 1 2.63827
1.5625 1.0625 2.66259
1.5625 1.125 2.68814
1.5625 1.1875 2.71489
1.5625 1.25 2.7428
1.5625 1.3125 2.77184
1.5625 1.375 2.80198
1.5625 1.4375 2.83317
1.5625 1.5 2.86539
1.5625 1.5625 2.8986
1.5625 1.625 2.93276
1.5625 1.6875 2.96785
1.5625 1.75 3.00382
1.5625 1.8125 3.04066
1.5625 1.875 3.07833
1.5625 1.9375 3.11679
1.625 -2 3.31254
1.625 -1.9375 3.27518
1.625 -1.875 3.2386
1.625 -1.8125 3.20282
1.625 -1.75 3.16787
1.625 -1.6875 3.13378
1.625 -1.625 3.10057
1.625 -1.5625 3.06827
1.625 -1.5 3.03692
1.625 -1.4375 3.00654
1.625 -1.375 2.97717
1.625 -1.3125 2.94882
1.625 -1.25 2.92154
1.625 -1.1875 2.89535
1.625 -1.125 2.87028
1.625 -1.0625 2.84637
1.625 -1 2.82363
1.625 -0.9375 2.80211
1.625 -0.875 2.78182
1.625 -0.8125 2.7628
1.625 -0.75 2.74507
1.625 -0.6875 2.72865
1.625 -0.625 2.71358
1.625 -0.5625 2.69987
1.625 -0.5 2.68755
1.625 -0.4375 2.67662
1.625 -0.375 2.66712
1.625 -0.3125 2.65905
1.625 -0.25 2.65243
1.625 -0.1875 2.64727
1.625 -0.125 2.64358
1.625 -0.0625 2.64136
1.625 0 2.64062
1.625 0.0625 2.64136
1.625 0.125 2.64358
1.625 0.1875 2.64727
1.625 0.25 2.65243
1.625 0.3125 2.65905
1.625 0.375 2.66712
1.625 0.4375 2.67662
1.625 0.5 2.68755
1.625 0.5625 2.69987
1.625 0.625 2.71358
1.625 0.6875 2.72865
1.625 0.75 2.74507
1.625 0.8125 2.7628
1.625 0.875 2.78182
1.625 0.9375 2.80211
1.625 1 2.82363
1.625 1.0625 2.84637
1.625 1.125 2.87028
1.625 1.1875 2.89535
1.625 1.25 2.92154
1.625 1.3125 2.94882
1.625 1.375 2.97717
1.625 1.4375 3.00654
1.625 1.5 3.03692
1.625 1.5625 3.06827
1.625 1.625 3.10057
1.625 1.6875 3.13378
1.625 1.75 3.16787
1.625 1.8125 3.20282
1.625 1.875 3.2386
1.625 1.9375 3.27518
1.6875 -2 3.47982
1.6875 -1.9375 3.44428
1.6875 -1.875 3.40951
1.6875 -1.8125 3.37554
1.6875 -1.75 3.3424
1.6875 -1.6875 3.31011
1.6875 -1.625 3.27868
1.6875 -1.5625 3.24816
1.6875 -1.5 3.21856
1.6875 -1.4375 3.18991
1.6875 -1.375 3.16224
1.6875 -1.3125 3.13557
1.6875 -1.25 3.10993
1.6875 -1.1875 3.08534
1.6875 -1.125 3.06182
1.6875 -1.0625 3.03942
1.6875 -1 3.01814
1.6875 -0.9375 2.99801
1.6875 -0.875 2.97906
1.6875 -0.8125 2.9613
1.6875 -0.75 2.94477
1.6875 -0.6875 2.92947
1.6875 -0.625 2.91544
1.6875 -0.5625 2.90268
1.6875 -0.5 2.89122
1.6875 -0.4375 2.88107
1.6875 -0.375 2.87224
1.6875 -0.3125 2.86475
1.6875 -0.25 2.85861
1.6875 -0.1875 2.85382
1.6875 -0.125 2.8504
1.6875 -0.0625 2.84834
1.6875 0 2.84766
1.6875 0.0625 2.84834
1.6875 0.125 2.8504
1.6875 0.1875 2.85382
1.6875 0.25 2.85861
1.6875 0.3125 2.86475
1.6875 0.375 2.87224
1.6875 0.4375 2.88107
1.6875 0.5 2.89122
1.6875 0.5625 2.90268
1.6875 0.625 2.91544
1.6875 0.6875 2.92947
1.6875 0.75 2.94477
1.6875 0.8125 2.9613
1.6875 0.875 2.97906
1.6875 0.9375 2.99801
1.6875 1 3.01814
1.6875 1.0625 3.03942
1.6875 1.125 3.06182
1.6875 1.1875 3.08534
1.6875 1.25 3.10993
1.6875 1.3125 3.13557
1.6875 1.375 3.16224
1.6875 1.4375 3.18991
1.6875 1.5 3.21856
1.6875 1.5625 3.24816
1.6875 1.625 3.27868
1.6875 1.6875 3.31011
1.6875 1.75 3.3424
1.6875 1.8125 3.37554
1.6875 1.875 3.40951
1.6875 1.9375 3.44428
1.75 -2 3.65772
1.75 -1.9375 3.62392
1.75 -1.875 3.5909
1.75 -1.8125 3.55866
1.75 -1.75 3.52724
1.75 -1.6875 3.49665
1.75 -1.625 3.46692
1.75 -1.5625 3.43807
1.75 -1.5 3.41012
1.75 -1.4375 3.38309
1.75 -1.375 3.35701
1.75 -1.3125 3.3319
1.75 -1.25 3.30778
1.75 -1.1875 3.28467
1.75 -1.125 3.2626
1.75 -1.0625 3.24158
1.75 -1 3.22163
1.75 -0.9375 3.20278
1.75 -0.875 3.18505
1.75 -0.8125 3.16845
1.75 -0.75 3.153
1.75 -0.6875 3.13872
1.75 -0.625 3.12562
1.75 -0.5625 3.11373
1.75 -0.5 3.10305
1.75 -0.4375 3.09359
1.75 -0.375 3.08537
1.75 -0.3125 3.0784
1.75 -0.25 3.07269
1.75 -0.1875 3.06823
1.75 -0.125 3.06505
1.75 -0.0625 3.06314
1.75 0 3.0625
1.75 0.0625 3.06314
1.75 0.125 3.06505
1.75 0.1875 3.06823
1.75 0.25 3.07269
1.75 0.3125 3.0784
1.75 0.375 3.08537
1.75 0.4375 3.09359
1.75 0.5 3.10305
1.75 0.5625 3.11373
1.75 0.625 3.12562
1.75 0.6875 3.13872
1.75 0.75 3.153
1.75 0.8125 3.16845
1.75 0.875 3.18505
1.75 0.9375 3.20278
1.75 1 3.22163
1.75 1.0625 3.24158
1.75 1.125 3.2626
1.75 1.1875 3.28467
1.75 1.25 3.30778
1.75 1.3125 3.3319
1.75 1.375 3.35701
1.75 1.4375 3.38309
1.75 1.5 3.41012
1.75 1.5625 3.43807
1.75 1.625 3.46692
1.75 1.6875 3.49665
1.75 1.75 3.52724
1.75 1.8125 3.55866
1.75 1.875 3.5909
1.75 1.9375 3.62392
1.8125 -2 3.84607
1.8125 -1.9375 3.81394
1.8125 -1.875 3.78258
1.8125 -1.8125 3.75199
1.8125 -1.75 3.7222
1.8125 -1.6875 3.69322
1.8125 -1.625 3.66509
1.8125 -1.5625 3.63781
1.8125 -1.5 3.61141
1.8125 -1.4375 3.5859
1.8125 -1.375 3.5613
1.8125 -1.3125 3.53764
1.8125 -1.25 3.51493
1.8125 -1.1875 3.49319
1.8125 -1.125 3.47245
1.8125 -1.0625 3.4527
1.8125 -1 3.43398
1.8125 -0.9375 3.41631
1.8125 -0.875 3.39969
1.8125 -0.8125 3.38414
1.8125 -0.75 3.36968
1.8125 -0.6875 3.35632
1.8125 -0.625 3.34408
1.8125 -0.5625 3.33297
1.8125 -0.5 3.32299
1.8125 -0.4375 3.31416
1.8125 -0.375 3.30649
1.8125 -0.3125 3.29999
1.8125 -0.25 3.29466
1.8125 -0.1875 3.2905
1.8125 -0.125 3.28753
1.8125 -0.0625 3.28575
1.8125 0 3.28516
1.8125 0.0625 3.28575
1.8125 0.125 3.28753
1.8125 0.1875 3.2905
1.8125 0.25 3.29466
1.8125 0.3125 3.29999
1.8125 0.375 3.30649
1.8125 0.4375 3.31416
1.8125 0.5 3.32299
1.8125 0.5625 3.33297
1.8125 0.625 3.34408
1.8125 0.6875 3.35632
1.8125 0.75 3.36968
1.8125 0.8125 3.38414
1.8125 0.875 3.39969
1.8125 0.9375 3.41631
1.8125 1 3.43398
1.8125 1.0625 3.4527
1.8125 1.125 3.47245
1.8125 1.1875 3.49319
1.8125 1.25 3.51493
1.8125 1.3125 3.53764
1.8125 1.375 3.5613
1.8125 1.4375 3.5859
1.8125 1.5 3.61141
1.8125 1.5625 3.63781
1.8125 1.625 3.66509
1.8125 1.6875 3.69322
1.8125 1.75 3.7222
1.8125 1.8125 3.75199
1.8125 1.875 3.78258
1.8125 1.9375 3.81394
1.875 -2 4.0447
1.875 -1.9375 4.01417
1.875 -1.875 3.98438
1.875 -1.8125 3.95535
1.875 -1.75 3.9271
1.875 -1.6875 3.89965
1.875 -1.625 3.87301
1.875 -1.5625 3.84721
1.875 -1.5 3.82225
1.875 -1.4375 3.79816
1.875 -1.375 3.77495
1.875 -1.3125 3.75264
1.875 -1.25 3.73124
1.875 -1.1875 3.71076
1.875 -1.125 3.69124
1.875 -1.0625 3.67267
1.875 -1 3.65508
1.875 -0.9375 3.63848
1.875 -0.875 3.62288
1.875 -0.8125 3.60829
1.875 -0.75 3.59473
1.875 -0.6875 3.58222
1.875 -0.625 3.57075
1.875 -0.5625 3.56034
1.875 -0.5 3.551
1.875 -0.4375 3.54274
1.875 -0.375 3.53557
1.875 -0.3125 3.52949
1.875 -0.25 3.5245
1.875 -0.1875 3.52062
1.875 -0.125 3.51785
1.875 -0.0625 3.51618
1.875 0 3.51562
1.875 0.0625 3.51618
1.875 0.125 3.51785
1.875 0.1875 3.52062
1.875 0.25 3.5245
1.875 0.3125 3.52949
1.875 0.375 3.53557
1.875 0.4375 3.54274
1.875 0.5 3.551
1.875 0.5625 3.56034
1.875 0.625 3.57075
1.875 0.6875 3.58222
1.875 0.75 3.59473
1.875 0.8125 3.60829
1.875 0.875 3.62288
1.875 0.9375 3.63848
1.875 1 3.65508
1.875 1.0625 3.67267
1.875 1.125 3.69124
1.875 1.1875 3.71076
1.875 1.25 3.73124
1.875 1.3125 3.75264
1.875 1.375 3.77495
1.875 1.4375 3.79816
1.875 1.5 3.82225
1.875 1.5625 3.84721
1.875 1.625 3.87301
1.875 1.6875 3.89965
1.875 1.75 3.9271
1.875 1.8125 3.95535
1.875 1.875 3.98438
1.875 1.9375 4.01417
1.9375 -2 4.25345
1.9375 -1.9375 4.22442
1.9375 -1.875 4.19612
1.9375 -1.8125 4.16857
1.9375 -1.75 4.14178
1.9375 -1.6875 4.11576
1.9375 -1.625 4.09053
1.9375 -1.5625 4.06611
1.9375 -1.5 4.0425
1.9375 -1.4375 4.01973
1.9375 -1.375 3.9978
1.9375 -1.3125 3.97674
1.9375 -1.25 3.95655
1.9375 -1.1875 3.93725
1.9375 -1.125 3.91886
1.9375 -1.0625 3.90137
1.9375 -1 3.88482
1.9375 -0.9375 3.8692
1.9375 -0.875 3.85453
1.9375 -0.8125 3.84083
1.9375 -0.75 3.8281
1.9375 -0.6875 3.81634
1.9375 -0.625 3.80558
1.9375 -0.5625 3.79582
1.9375 -0.5 3.78706
1.9375 -0.4375 3.77931
1.9375 -0.375 3.77259
1.9375 -0.3125 3.76689
1.9375 -0.25 3.76222
1.9375 -0.1875 3.75859
1.9375 -0.125 3.75599
1.9375 -0.0625 3.75443
1.9375 0 3.75391
1.9375 0.0625 3.75443
1.9375 0.125 3.75599
1.9375 0.1875 3.75859
1.9375 0.25 3.76222
1.9375 0.3125 3.76689
1.9375 0.375 3.77259
1.9375 0.4375 3.77931
1.9375 0.5 3.78706
1.9375 0.5625 3.79582
1.9375 0.625 3.80558
1.9375 0.6875 3.81634
1.9375 0.75 3.8281
1.9375 0.8125 3.84083
1.9375 0.875 3.85453
1.9375 0.9375 3.8692
1.9375 1 3.88482
1.9375 1.0625 3.90137
1.9375 1.125 3.91886
1.9375 1.1875 3.93725
1.9375 1.25 3.95655
1.9375 1.3125 3.97674
1.9375 1.375 3.9978
1.9375 1.4375 4.01973
1.9375 1.5 4.0425
1.9375 1.5625 4.06611
1.9375 1.625 4.09053
1.9375 1.6875 4.11576
1.9375 1.75 4.14178
1.9375 1.8125 4.16857
1.9375 1.875 4.19612
1.9375 1.9375 4.22442
