-2 -2 3.60555
-2 -1.9375 3.57126
-2 -1.875 3.53774
-2 -1.8125 3.50502
-2 -1.75 3.47311
-2 -1.6875 3.44204
-2 -1.625 3.41184
-2 -1.5625 3.38251
-2 -1.5 3.3541
-2 -1.4375 3.32662
-2 -1.375 3.30009
-2 -1.3125 3.27455
-2 -1.25 3.25
-2 -1.1875 3.22648
-2 -1.125 3.204
-2 -1.0625 3.18259
-2 -1 3.16228
-2 -0.9375 3.14307
-2 -0.875 3.125
-2 -0.8125 3.10808
-2 -0.75 3.09233
-2 -0.6875 3.07777
-2 -0.625 3.06441
-2 -0.5625 3.05228
-2 -0.5 3.04138
-2 -0.4375 3.03173
-2 -0.375 3.02335
-2 -0.3125 3.01623
-2 -0.25 3.0104
-2 -0.1875 3.00585
-2 -0.125 3.0026
-2 -0.0625 3.00065
-2 0 3
-2 0.0625 3.00065
-2 0.125 3.0026
-2 0.1875 3.00585
-2 0.25 3.0104
-2 0.3125 3.01623
-2 0.375 3.02335
-2 0.4375 3.03173
-2 0.5 3.04138
-2 0.5625 3.05228
-2 0.625 3.06441
-2 0.6875 3.07777
-2 0.75 3.09233
-2 0.8125 3.10808
-2 0.875 3.125
-2 0.9375 3.14307
-2 1 3.16228
-2 1.0625 3.18259
-2 1.125 3.204
-2 1.1875 3.22648
-2 1.25 3.25
-2 1.3125 3.27455
-2 1.375 3.30009
-2 1.4375 3.32662
-2 1.5 3.3541
-2 1.5625 3.38251
-2 1.625 3.41184
-2 1.6875 3.44204
-2 1.75 3.47311
-2 1.8125 3.50502
-2 1.875 3.53774
-2 1.9375 3.57126
-1.9375 -2 3.50223
-1.9375 -1.9375 3.46692
-1.9375 -1.875 3.43238
-1.9375 -1.8125 3.39864
-1.9375 -1.75 3.36573
-1.9375 -1.6875 3.33366
-1.9375 -1.625 3.30246
-1.9375 -1.5625 3.27216
-1.9375 -1.5 3.24278
-1.9375 -1.4375 3.21435
-1.9375 -1.375 3.18689
-1.9375 -1.3125 3.16042
-1.9375 -1.25 3.13498
-1.9375 -1.1875 3.11059
-1.9375 -1.125 3.08727
-1.9375 -1.0625 3.06505
-1.9375 -1 3.04395
-1.9375 -0.9375 3.02399
-1.9375 -0.875 3.0052
-1.9375 -0.8125 2.9876
-1.9375 -0.75 2.97122
-1.9375 -0.6875 2.95606
-1.9375 -0.625 2.94215
-1.9375 -0.5625 2.92951
-1.9375 -0.5 2.91815
-1.9375 -0.4375 2.9081
-1.9375 -0.375 2.89935
-1.9375 -0.3125 2.89193
-1.9375 -0.25 2.88585
-1.9375 -0.1875 2.88111
-1.9375 -0.125 2.87772
-1.9375 -0.0625 2.87568
-1.9375 0 2.875
-1.9375 0.0625 2.87568
-1.9375 0.125 2.87772
-1.9375 0.1875 2.88111
-1.9375 0.25 2.88585
-1.9375 0.3125 2.89193
-1.9375 0.375 2.89935
-1.9375 0.4375 2.9081
-1.9375 0.5 2.91815
-1.9375 0.5625 2.92951
-1.9375 0.625 2.94215
-1.9375 0.6875 2.95606
-1.9375 0.75 2.97122
-1.9375 0.8125 2.9876
-1.9375 0.875 3.0052
-1.9375 0.9375 3.02399
-1.9375 1 3.04395
-1.9375 1.0625 3.06505
-1.9375 1.125 3.08727
-1.9375 1.1875 3.11059
-1.9375 1.25 3.13498
-1.9375 1.3125 3.16042
-1.9375 1.375 3.18689
-1.9375 1.4375 3.21435
-1.9375 1.5 3.24278
-1.9375 1.5625 3.27216
-1.9375 1.625 3.30246
-1.9375 1.6875 3.33366
-1.9375 1.75 3.36573
-1.9375 1.8125 3.39864
-1.9375 1.875 3.43238
-1.9375 1.9375 3.46692
-1.875 -2 3.40037
-1.875 -1.9375 3.36399
-1.875 -1.875 3.32838
-1.875 -1.8125 3.29358
-1.875 -1.75 3.2596
-1.875 -1.6875 3.22648
-1.875 -1.625 3.19423
-1.875 -1.5625 3.1629
-1.875 -1.5 3.13249
-1.875 -1.4375 3.10305
-1.875 -1.375 3.07459
-1.875 -1.3125 3.04716
-1.875 -1.25 3.02076
-1.875 -1.1875 2.99544
-1.875 -1.125 2.97122
-1.875 -1.0625 2.94812
-1.875 -1 2.92617
-1.875 -0.9375 2.90541
-1.875 -0.875 2.88585
-1.875 -0.8125 2.86752
-1.875 -0.75 2.85044
-1.875 -0.6875 2.83464
-1.875 -0.625 2.82013
-1.875 -0.5625 2.80694
-1.875 -0.5 2.79508
-1.875 -0.4375 2.78458
-1.875 -0.375 2.77545
-1.875 -0.3125 2.7677
-1.875 -0.25 2.76134
-1.875 -0.1875 2.75638
-1.875 -0.125 2.75284
-1.875 -0.0625 2.75071
-1.875 0 2.75
-1.875 0.0625 2.75071
-1.875 0.125 2.75284
-1.875 0.1875 2.75638
-1.875 0.25 2.76134
-1.875 0.3125 2.7677
-1.875 0.375 2.77545
-1.875 0.4375 2.78458
-1.875 0.5 2.79508
-1.875 0.5625 2.80694
-1.875 0.625 2.82013
-1.875 0.6875 2.83464
-1.875 0.75 2.85044
-1.875 0.8125 2.86752
-1.875 0.875 2.88585
-1.875 0.9375 2.90541
-1.875 1 2.92617
-1.875 1.0625 2.94812
-1.875 1.125 2.97122
-1.875 1.1875 2.99544
-1.875 1.25 3.02076
-1.875 1.3125 3.04716
-1.875 1.375 3.07459
-1.875 1.4375 3.10305
-1.875 1.5 3.13249
-1.875 1.5625 3.1629
-1.875 1.625 3.19423
-1.875 1.6875 3.22648
-1.875 1.75 3.2596
-1.875 1.8125 3.29358
-1.875 1.875 3.32838
-1.875 1.9375 3.36399
-1.8125 -2 3.30009
-1.8125 -1.9375 3.2626
-1.8125 -1.875 3.22587
-1.8125 -1.8125 3.18995
-1.8125 -1.75 3.15486
-1.8125 -1.6875 3.12062
-1.8125 -1.625 3.08727
-1.8125 -1.5625 3.05484
-1.8125 -1.5 3.02335
-1.8125 -1.4375 2.99283
-1.8125 -1.375 2.96332
-1.8125 -1.3125 2.93484
-1.8125 -1.25 2.90743
-1.8125 -1.1875 2.88111
-1.8125 -1.125 2.85591
-1.8125 -1.0625 2.83188
-1.8125 -1 2.80903
-1.8125 -0.9375 2.78739
-1.8125 -0.875 2.76699
-1.8125 -0.8125 2.74787
-1.8125 -0.75 2.73004
-1.8125 -0.6875 2.71354
-1.8125 -0.625 2.69838
-1.8125 -0.5625 2.68459
-1.8125 -0.5 2.67219
-1.8125 -0.4375 2.66121
-1.8125 -0.375 2.65165
-1.8125 -0.3125 2.64354
-1.8125 -0.25 2.63688
-1.8125 -0.1875 2.63169
-1.8125 -0.125 2.62797
-1.8125 -0.0625 2.62574
-1.8125 0 2.625
-1.8125 0.0625 2.62574
-1.8125 0.125 2.62797
-1.8125 0.1875 2.63169
-1.8125 0.25 2.63688
-1.8125 0.3125 2.64354
-1.8125 0.375 2.65165
-1.8125 0.4375 2.66121
-1.8125 0.5 2.67219
-1.8125 0.5625 2.68459
-1.8125 0.625 2.69838
-1.8125 0.6875 2.71354
-1.8125 0.75 2.73004
-1.8125 0.8125 2.74787
-1.8125 0.875 2.76699
-1.8125 0.9375 2.78739
-1.8125 1 2.80903
-1.8125 1.0625 2.83188
-1.8125 1.125 2.85591
-1.8125 1.1875 2.88111
-1.8125 1.25 2.90743
-1.8125 1.3125 2.93484
-1.8125 1.375 2.96332
-1.8125 1.4375 2.99283
-1.8125 1.5 3.02335
-1.8125 1.5625 3.05484
-1.8125 1.625 3.08727
-1.8125 1.6875 3.12062
-1.8125 1.75 3.15486
-1.8125 1.8125 3.18995
-1.8125 1.875 3.22587
-1.8125 1.9375 3.2626
-1.75 -2 3.20156
-1.75 -1.9375 3.1629
-1.75 -1.875 3.125
-1.75 -1.8125 3.0879
-1.75 -1.75 3.05164
-1.75 -1.6875 3.01623
-1.75 -1.625 2.98172
-1.75 -1.5625 2.94812
-1.75 -1.5 2.91548
-1.75 -1.4375 2.88382
-1.75 -1.375 2.85318
-1.75 -1.3125 2.82359
-1.75 -1.25 2.79508
-1.75 -1.1875 2.7677
-1.75 -1.125 2.74146
-1.75 -1.0625 2.71641
-1.75 -1 2.69258
-1.75 -0.9375 2.67
-1.75 -0.875 2.6487
-1.75 -0.8125 2.62872
-1.75 -0.75 2.61008
-1.75 -0.6875 2.59281
-1.75 -0.625 2.57694
-1.75 -0.5625 2.5625
-1.75 -0.5 2.54951
-1.75 -0.4375 2.53799
-1.75 -0.375 2.52797
-1.75 -0.3125 2.51946
-1.75 -0.25 2.51247
-1.75 -0.1875 2.50702
-1.75 -0.125 2.50312
-1.75 -0.0625 2.50078
-1.75 0 2.5
-1.75 0.0625 2.50078
-1.75 0.125 2.50312
-1.75 0.1875 2.50702
-1.75 0.25 2.51247
-1.75 0.3125 2.51946
-1.75 0.375 2.52797
-1.75 0.4375 2.53799
-1.75 0.5 2.54951
-1.75 0.5625 2.5625
-1.75 0.625 2.57694
-1.75 0.6875 2.59281
-1.75 0.75 2.61008
-1.75 0.8125 2.62872
-1.75 0.875 2.6487
-1.75 0.9375 2.67
-1.75 1 2.69258
-1.75 1.0625 2.71641
-1.75 1.125 2.74146
-1.75 1.1875 2.7677
-1.75 1.25 2.79508
-1.75 1.3125 2.82359
-1.75 1.375 2.85318
-1.75 1.4375 2.88382
-1.75 1.5 2.91548
-1.75 1.5625 2.94812
-1.75 1.625 2.98172
-1.75 1.6875 3.01623
-1.75 1.75 3.05164
-1.75 1.8125 3.0879
-1.75 1.875 3.125
-1.75 1.9375 3.1629
-1.6875 -2 3.10494
-1.6875 -1.9375 3.06505
-1.6875 -1.875 3.02593
-1.6875 -1.8125 2.9876
-1.6875 -1.75 2.95011
-1.6875 -1.6875 2.91347
-1.6875 -1.625 2.87772
-1.6875 -1.5625 2.84289
-1.6875 -1.5 2.80903
-1.6875 -1.4375 2.77615
-1.6875 -1.375 2.74431
-1.6875 -1.3125 2.71354
-1.6875 -1.25 2.68386
-1.6875 -1.1875 2.65533
-1.6875 -1.125 2.62797
-1.6875 -1.0625 2.60183
-1.6875 -1 2.57694
-1.6875 -0.9375 2.55334
-1.6875 -0.875 2.53106
-1.6875 -0.8125 2.51014
-1.6875 -0.75 2.49061
-1.6875 -0.6875 2.47251
-1.6875 -0.625 2.45586
-1.6875 -0.5625 2.4407
-1.6875 -0.5 2.42706
-1.6875 -0.4375 2.41496
-1.6875 -0.375 2.40442
-1.6875 -0.3125 2.39547
-1.6875 -0.25 2.38812
-1.6875 -0.1875 2.38239
-1.6875 -0.125 2.37829
-1.6875 -0.0625 2.37582
-1.6875 0 2.375
-1.6875 0.0625 2.37582
-1.6875 0.125 2.37829
-1.6875 0.1875 2.38239
-1.6875 0.25 2.38812
-1.6875 0.3125 2.39547
-1.6875 0.375 2.40442
-1.6875 0.4375 2.41496
-1.6875 0.5 2.42706
-1.6875 0.5625 2.4407
-1.6875 0.625 2.45586
-1.6875 0.6875 2.47251
-1.6875 0.75 2.49061
-1.6875 0.8125 2.51014
-1.6875 0.875 2.53106
-1.6875 0.9375 2.55334
-1.6875 1 2.57694
-1.6875 1.0625 2.60183
-1.6875 1.125 2.62797
-1.6875 1.1875 2.65533
-1.6875 1.25 2.68386
-1.6875 1.3125 2.71354
-1.6875 1.375 2.74431
-1.6875 1.4375 2.77615
-1.6875 1.5 2.80903
-1.6875 1.5625 2.84289
-1.6875 1.625 2.87772
-1.6875 1.6875 2.91347
-1.6875 1.75 2.95011
-1.6875 1.8125 2.9876
-1.6875 1.875 3.02593
-1.6875 1.9375 3.06505
-1.625 -2 3.0104
-1.625 -1.9375 2.96924
-1.625 -1.875 2.92884
-1.625 -1.8125 2.88923
-1.625 -1.75 2.85044
-1.625 -1.6875 2.8125
-1.625 -1.625 2.77545
-1.625 -1.5625 2.73933
-1.625 -1.5 2.70416
-1.625 -1.4375 2.67
-1.625 -1.375 2.63688
-1.625 -1.3125 2.60483
-1.625 -1.25 2.57391
-1.625 -1.1875 2.54414
-1.625 -1.125 2.51558
-1.625 -1.0625 2.48825
-1.625 -1 2.46221
-1.625 -0.9375 2.4375
-1.625 -0.875 2.41415
-1.625 -0.8125 2.39221
-1.625 -0.75 2.37171
-1.625 -0.6875 2.35269
-1.625 -0.625 2.33519
-1.625 -0.5625 2.31925
-1.625 -0.5 2.30489
-1.625 -0.4375 2.29214
-1.625 -0.375 2.28104
-1.625 -0.3125 2.2716
-1.625 -0.25 2.26385
-1.625 -0.1875 2.2578
-1.625 -0.125 2.25347
-1.625 -0.0625 2.25087
-1.625 0 2.25
-1.625 0.0625 2.25087
-1.625 0.125 2.25347
-1.625 0.1875 2.2578
-1.625 0.25 2.26385
-1.625 0.3125 2.2716
-1.625 0.375 2.28104
-1.625 0.4375 2.29214
-1.625 0.5 2.30489
-1.625 0.5625 2.31925
-1.625 0.625 2.33519
-1.625 0.6875 2.35269
-1.625 0.75 2.37171
-1.625 0.8125 2.39221
-1.625 0.875 2.41415
-1.625 0.9375 2.4375
-1.625 1 2.46221
-1.625 1.0625 2.48825
-1.625 1.125 2.51558
-1.625 1.1875 2.54414
-1.625 1.25 2.57391
-1.625 1.3125 2.60483
-1.625 1.375 2.63688
-1.625 1.4375 2.67
-1.625 1.5 2.70416
-1.625 1.5625 2.73933
-1.625 1.625 2.77545
-1.625 1.6875 2.8125
-1.625 1.75 2.85044
-1.625 1.8125 2.88923
-1.625 1.875 2.92884
-1.625 1.9375 2.96924
-1.5625 -2 2.91815
-1.5625 -1.9375 2.87568
-1.5625 -1.875 2.83395
-1.5625 -1.8125 2.79299
-1.5625 -1.75 2.75284
-1.5625 -1.6875 2.71354
-1.5625 -1.625 2.67512
-1.5625 -1.5625 2.63762
-1.5625 -1.5 2.60108
-1.5625 -1.4375 2.56555
-1.5625 -1.375 2.53106
-1.5625 -1.3125 2.49766
-1.5625 -1.25 2.46539
-1.5625 -1.1875 2.43429
-1.5625 -1.125 2.40442
-1.5625 -1.0625 2.37582
-1.5625 -1 2.34854
-1.5625 -0.9375 2.32261
-1.5625 -0.875 2.2981
-1.5625 -0.8125 2.27503
-1.5625 -0.75 2.25347
-1.5625 -0.6875 2.23345
-1.5625 -0.625 2.21501
-1.5625 -0.5625 2.19819
-1.5625 -0.5 2.18303
-1.5625 -0.4375 2.16957
-1.5625 -0.375 2.15783
-1.5625 -0.3125 2.14786
-1.5625 -0.25 2.13966
-1.5625 -0.1875 2.13326
-1.5625 -0.125 2.12867
-1.5625 -0.0625 2.12592
-1.5625 0 2.125
-1.5625 0.0625 2.12592
-1.5625 0.125 2.12867
-1.5625 0.1875 2.13326
-1.5625 0.25 2.13966
-1.5625 0.3125 2.14786
-1.5625 0.375 2.15783
-1.5625 0.4375 2.16957
-1.5625 0.5 2.18303
-1.5625 0.5625 2.19819
-1.5625 0.625 2.21501
-1.5625 0.6875 2.23345
-1.5625 0.75 2.25347
-1.5625 0.8125 2.27503
-1.5625 0.875 2.2981
-1.5625 0.9375 2.32261
-1.5625 1 2.34854
-1.5625 1.0625 2.37582
-1.5625 1.125 2.40442
-1.5625 1.1875 2.43429
-1.5625 1.25 2.46539
-1.5625 1.3125 2.49766
-1.5625 1.375 2.53106
-1.5625 1.4375 2.56555
-1.5625 1.5 2.60108
-1.5625 1.5625 2.63762
-1.5625 1.625 2.67512
-1.5625 1.6875 2.71354
-1.5625 1.75 2.75284
-1.5625 1.8125 2.79299
-1.5625 1.875 2.83395
-1.5625 1.9375 2.87568
-1.5 -2 2.82843
-1.5 -1.9375 2.78458
-1.5 -1.875 2.74146
-1.5 -1.8125 2.6991
-1.5 -1.75 2.65754
-1.5 -1.6875 2.6168
-1.5 -1.625 2.57694
-1.5 -1.5625 2.53799
-1.5 -1.5 2.5
-1.5 -1.4375 2.46301
-1.5 -1.375 2.42706
-1.5 -1.3125 2.39221
-1.5 -1.25 2.3585
-1.5 -1.1875 2.32597
-1.5 -1.125 2.29469
-1.5 -1.0625 2.26471
-1.5 -1 2.23607
-1.5 -0.9375 2.20882
-1.5 -0.875 2.18303
-1.5 -0.8125 2.15874
-1.5 -0.75 2.136
-1.5 -0.6875 2.11487
-1.5 -0.625 2.09538
-1.5 -0.5625 2.0776
-1.5 -0.5 2.06155
-1.5 -0.4375 2.04729
-1.5 -0.375 2.03485
-1.5 -0.3125 2.02427
-1.5 -0.25 2.01556
-1.5 -0.1875 2.00877
-1.5 -0.125 2.0039
-1.5 -0.0625 2.00098
-1.5 0 2
-1.5 0.0625 2.00098
-1.5 0.125 2.0039
-1.5 0.1875 2.00877
-1.5 0.25 2.01556
-1.5 0.3125 2.02427
-1.5 0.375 2.03485
-1.5 0.4375 2.04729
-1.5 0.5 2.06155
-1.5 0.5625 2.0776
-1.5 0.625 2.09538
-1.5 0.6875 2.11487
-1.5 0.75 2.136
-1.5 0.8125 2.15874
-1.5 0.875 2.18303
-1.5 0.9375 2.20882
-1.5 1 2.23607
-1.5 1.0625 2.26471
-1.5 1.125 2.29469
-1.5 1.1875 2.32597
-1.5 1.25 2.3585
-1.5 1.3125 2.39221
-1.5 1.375 2.42706
-1.5 1.4375 2.46301
-1.5 1.5 2.5
-1.5 1.5625 2.53799
-1.5 1.625 2.57694
-1.5 1.6875 2.6168
-1.5 1.75 2.65754
-1.5 1.8125 2.6991
-1.5 1.875 2.74146
-1.5 1.9375 2.78458
-1.4375 -2 2.74146
-1.4375 -1.9375 2.69621
-1.4375 -1.875 2.65165
-1.4375 -1.8125 2.60783
-1.4375 -1.75 2.56479
-1.4375 -1.6875 2.52255
-1.4375 -1.625 2.48118
-1.4375 -1.5625 2.4407
-1.4375 -1.5 2.40117
-1.4375 -1.4375 2.36263
-1.4375 -1.375 2.32513
-1.4375 -1.3125 2.28873
-1.4375 -1.25 2.25347
-1.4375 -1.1875 2.21941
-1.4375 -1.125 2.18661
-1.4375 -1.0625 2.15512
-1.4375 -1 2.125
-1.4375 -0.9375 2.09631
-1.4375 -0.875 2.06912
-1.4375 -0.8125 2.04347
-1.4375 -0.75 2.01944
-1.4375 -0.6875 1.99707
-1.4375 -0.625 1.97642
-1.4375 -0.5625 1.95756
-1.4375 -0.5 1.94052
-1.4375 -0.4375 1.92537
-1.4375 -0.375 1.91213
-1.4375 -0.3125 1.90086
-1.4375 -0.25 1.89159
-1.4375 -0.1875 1.88435
-1.4375 -0.125 1.87916
-1.4375 -0.0625 1.87604
-1.4375 0 1.875
-1.4375 0.0625 1.87604
-1.4375 0.125 1.87916
-1.4375 0.1875 1.88435
-1.4375 0.25 1.89159
-1.4375 0.3125 1.90086
-1.4375 0.375 1.91213
-1.4375 0.4375 1.92537
-1.4375 0.5 1.94052
-1.4375 0.5625 1.95756
-1.4375 0.625 1.97642
-1.4375 0.6875 1.99707
-1.4375 0.75 2.01944
-1.4375 0.8125 2.04347
-1.4375 0.875 2.06912
-1.4375 0.9375 2.09631
-1.4375 1 2.125
-1.4375 1.0625 2.15512
-1.4375 1.125 2.18661
-1.4375 1.1875 2.21941
-1.4375 1.25 2.25347
-1.4375 1.3125 2.28873
-1.4375 1.375 2.32513
-1.4375 1.4375 2.36263
-1.4375 1.5 2.40117
-1.4375 1.5625 2.4407
-1.4375 1.625 2.48118
-1.4375 1.6875 2.52255
-1.4375 1.75 2.56479
-1.4375 1.8125 2.60783
-1.4375 1.875 2.65165
-1.4375 1.9375 2.69621
-1.375 -2 2.65754
-1.375 -1.9375 2.61082
-1.375 -1.875 2.56479
-1.375 -1.8125 2.51946
-1.375 -1.75 2.47487
-1.375 -1.6875 2.43108
-1.375 -1.625 2.38812
-1.375 -1.5625 2.34604
-1.375 -1.5 2.30489
-1.375 -1.4375 2.26471
-1.375 -1.375 2.22556
-1.375 -1.3125 2.1875
-1.375 -1.25 2.15058
-1.375 -1.1875 2.11487
-1.375 -1.125 2.08041
-1.375 -1.0625 2.04729
-1.375 -1 2.01556
-1.375 -0.9375 1.9853
-1.375 -0.875 1.95656
-1.375 -0.8125 1.92942
-1.375 -0.75 1.90394
-1.375 -0.6875 1.8802
-1.375 -0.625 1.85826
-1.375 -0.5625 1.83818
-1.375 -0.5 1.82003
-1.375 -0.4375 1.80386
-1.375 -0.375 1.78973
-1.375 -0.3125 1.77768
-1.375 -0.25 1.76777
-1.375 -0.1875 1.76002
-1.375 -0.125 1.75446
-1.375 -0.0625 1.75112
-1.375 0 1.75
-1.375 0.0625 1.75112
-1.375 0.125 1.75446
-1.375 0.1875 1.76002
-1.375 0.25 1.76777
-1.375 0.3125 1.77768
-1.375 0.375 1.78973
-1.375 0.4375 1.80386
-1.375 0.5 1.82003
-1.375 0.5625 1.83818
-1.375 0.625 1.85826
-1.375 0.6875 1.8802
-1.375 0.75 1.90394
-1.375 0.8125 1.92942
-1.375 0.875 1.95656
-1.375 0.9375 1.9853
-1.375 1 2.01556
-1.375 1.0625 2.04729
-1.375 1.125 2.08041
-1.375 1.1875 2.11487
-1.375 1.25 2.15058
-1.375 1.3125 2.1875
-1.375 1.375 2.22556
-1.375 1.4375 2.26471
-1.375 1.5 2.30489
-1.375 1.5625 2.34604
-1.375 1.625 2.38812
-1.375 1.6875 2.43108
-1.375 1.75 2.47487
-1.375 1.8125 2.51946
-1.375 1.875 2.56479
-1.375 1.9375 2.61082
-1.3125 -2 2.57694
-1.3125 -1.9375 2.52874
-1.3125 -1.875 2.48118
-1.3125 -1.8125 2.43429
-1.3125 -1.75 2.38812
-1.3125 -1.6875 2.34271
-1.3125 -1.625 2.2981
-1.3125 -1.5625 2.25434
-1.3125 -1.5 2.21148
-1.3125 -1.4375 2.16957
-1.3125 -1.375 2.12867
-1.3125 -1.3125 2.08885
-1.3125 -1.25 2.05015
-1.3125 -1.1875 2.01266
-1.3125 -1.125 1.97642
-1.3125 -1.0625 1.94153
-1.3125 -1 1.90804
-1.3125 -0.9375 1.87604
-1.3125 -0.875 1.8456
-1.3125 -0.8125 1.81681
-1.3125 -0.75 1.78973
-1.3125 -0.6875 1.76445
-1.3125 -0.625 1.74105
-1.3125 -0.5625 1.7196
-1.3125 -0.5 1.70018
-1.3125 -0.4375 1.68286
-1.3125 -0.375 1.66771
-1.3125 -0.3125 1.65478
-1.3125 -0.25 1.64412
-1.3125 -0.1875 1.63578
-1.3125 -0.125 1.6298
-1.3125 -0.0625 1.6262
-1.3125 0 1.625
-1.3125 0.0625 1.6262
-1.3125 0.125 1.6298
-1.3125 0.1875 1.63578
-1.3125 0.25 1.64412
-1.3125 0.3125 1.65478
-1.3125 0.375 1.66771
-1.3125 0.4375 1.68286
-1.3125 0.5 1.70018
-1.3125 0.5625 1.7196
-1.3125 0.625 1.74105
-1.3125 0.6875 1.76445
-1.3125 0.75 1.78973
-1.3125 0.8125 1.81681
-1.3125 0.875 1.8456
-1.3125 0.9375 1.87604
-1.3125 1 1.90804
-1.3125 1.0625 1.94153
-1.3125 1.125 1.97642
-1.3125 1.1875 2.01266
-1.3125 1.25 2.05015
-1.3125 1.3125 2.08885
-1.3125 1.375 2.12867
-1.3125 1.4375 2.16957
-1.3125 1.5 2.21148
-1.3125 1.5625 2.25434
-1.3125 1.625 2.2981
-1.3125 1.6875 2.34271
-1.3125 1.75 2.38812
-1.3125 1.8125 2.43429
-1.3125 1.875 2.48118
-1.3125 1.9375 2.52874
-1.25 -2 2.5
-1.25 -1.9375 2.45029
-1.25 -1.875 2.40117
-1.25 -1.8125 2.35269
-1.25 -1.75 2.30489
-1.25 -1.6875 2.2578
-1.25 -1.625 2.21148
-1.25 -1.5625 2.16597
-1.25 -1.5 2.12132
-1.25 -1.4375 2.0776
-1.25 -1.375 2.03485
-1.25 -1.3125 1.99315
-1.25 -1.25 1.95256
-1.25 -1.1875 1.91315
-1.25 -1.125 1.875
-1.25 -1.0625 1.83818
-1.25 -1 1.80278
-1.25 -0.9375 1.76887
-1.25 -0.875 1.73656
-1.25 -0.8125 1.70592
-1.25 -0.75 1.67705
-1.25 -0.6875 1.65005
-1.25 -0.625 1.625
-1.25 -0.5625 1.602
-1.25 -0.5 1.58114
-1.25 -0.4375 1.5625
-1.25 -0.375 1.54616
-1.25 -0.3125 1.53221
-1.25 -0.25 1.52069
-1.25 -0.1875 1.51167
-1.25 -0.125 1.5052
-1.25 -0.0625 1.5013
-1.25 0 1.5
-1.25 0.0625 1.5013
-1.25 0.125 1.5052
-1.25 0.1875 1.51167
-1.25 0.25 1.52069
-1.25 0.3125 1.53221
-1.25 0.375 1.54616
-1.25 0.4375 1.5625
-1.25 0.5 1.58114
-1.25 0.5625 1.602
-1.25 0.625 1.625
-1.25 0.6875 1.65005
-1.25 0.75 1.67705
-1.25 0.8125 1.70592
-1.25 0.875 1.73656
-1.25 0.9375 1.76887
-1.25 1 1.80278
-1.25 1.0625 1.83818
-1.25 1.125 1.875
-1.25 1.1875 1.91315
-1.25 1.25 1.95256
-1.25 1.3125 1.99315
-1.25 1.375 2.03485
-1.25 1.4375 2.0776
-1.25 1.5 2.12132
-1.25 1.5625 2.16597
-1.25 1.625 2.21148
-1.25 1.6875 2.2578
-1.25 1.75 2.30489
-1.25 1.8125 2.35269
-1.25 1.875 2.40117
-1.25 1.9375 2.45029
-1.1875 -2 2.42706
-1.1875 -1.9375 2.37582
-1.1875 -1.875 2.32513
-1.1875 -1.8125 2.27503
-1.1875 -1.75 2.22556
-1.1875 -1.6875 2.17676
-1.1875 -1.625 2.12867
-1.1875 -1.5625 2.08135
-1.1875 -1.5 2.03485
-1.1875 -1.4375 1.98923
-1.1875 -1.375 1.94454
-1.1875 -1.3125 1.90086
-1.1875 -1.25 1.85826
-1.1875 -1.1875 1.81681
-1.1875 -1.125 1.77658
-1.1875 -1.0625 1.73768
-1.1875 -1 1.70018
-1.1875 -0.9375 1.66419
-1.1875 -0.875 1.6298
-1.1875 -0.8125 1.59712
-1.1875 -0.75 1.56625
-1.1875 -0.6875 1.5373
-1.1875 -0.625 1.51038
-1.1875 -0.5625 1.48561
-1.1875 -0.5 1.46309
-1.1875 -0.4375 1.44292
-1.1875 -0.375 1.42522
-1.1875 -0.3125 1.41006
-1.1875 -0.25 1.39754
-1.1875 -0.1875 1.38773
-1.1875 -0.125 1.38067
-1.1875 -0.0625 1.37642
-1.1875 0 1.375
-1.1875 0.0625 1.37642
-1.1875 0.125 1.38067
-1.1875 0.1875 1.38773
-1.1875 0.25 1.39754
-1.1875 0.3125 1.41006
-1.1875 0.375 1.42522
-1.1875 0.4375 1.44292
-1.1875 0.5 1.46309
-1.1875 0.5625 1.48561
-1.1875 0.625 1.51038
-1.1875 0.6875 1.5373
-1.1875 0.75 1.56625
-1.1875 0.8125 1.59712
-1.1875 0.875 1.6298
-1.1875 0.9375 1.66419
-1.1875 1 1.70018
-1.1875 1.0625 1.73768
-1.1875 1.125 1.77658
-1.1875 1.1875 1.81681
-1.1875 1.25 1.85826
-1.1875 1.3125 1.90086
-1.1875 1.375 1.94454
-1.1875 1.4375 1.98923
-1.1875 1.5 2.03485
-1.1875 1.5625 2.08135
-1.1875 1.625 2.12867
-1.1875 1.6875 2.17676
-1.1875 1.75 2.22556
-1.1875 1.8125 2.27503
-1.1875 1.875 2.32513
-1.1875 1.9375 2.37582
-1.125 -2 2.3585
-1.125 -1.9375 2.30573
-1.125 -1.875 2.25347
-1.125 -1.8125 2.20174
-1.125 -1.75 2.15058
-1.125 -1.6875 2.10004
-1.125 -1.625 2.05015
-1.125 -1.5625 2.00098
-1.125 -1.5 1.95256
-1.125 -1.4375 1.90497
-1.125 -1.375 1.85826
-1.125 -1.3125 1.8125
-1.125 -1.25 1.76777
-1.125 -1.1875 1.72414
-1.125 -1.125 1.6817
-1.125 -1.0625 1.64055
-1.125 -1 1.60078
-1.125 -0.9375 1.5625
-1.125 -0.875 1.52582
-1.125 -0.8125 1.49086
-1.125 -0.75 1.45774
-1.125 -0.6875 1.42659
-1.125 -0.625 1.39754
-1.125 -0.5625 1.37073
-1.125 -0.5 1.34629
-1.125 -0.4375 1.32435
-1.125 -0.375 1.30504
-1.125 -0.3125 1.28847
-1.125 -0.25 1.27475
-1.125 -0.1875 1.26398
-1.125 -0.125 1.25623
-1.125 -0.0625 1.25156
-1.125 0 1.25
-1.125 0.0625 1.25156
-1.125 0.125 1.25623
-1.125 0.1875 1.26398
-1.125 0.25 1.27475
-1.125 0.3125 1.28847
-1.125 0.375 1.30504
-1.125 0.4375 1.32435
-1.125 0.5 1.34629
-1.125 0.5625 1.37073
-1.125 0.625 1.39754
-1.125 0.6875 1.42659
-1.125 0.75 1.45774
-1.125 0.8125 1.49086
-1.125 0.875 1.52582
-1.125 0.9375 1.5625
-1.125 1 1.60078
-1.125 1.0625 1.64055
-1.125 1.125 1.6817
-1.125 1.1875 1.72414
-1.125 1.25 1.76777
-1.125 1.3125 1.8125
-1.125 1.375 1.85826
-1.125 1.4375 1.90497
-1.125 1.5 1.95256
-1.125 1.5625 2.00098
-1.125 1.625 2.05015
-1.125 1.6875 2.10004
-1.125 1.75 2.15058
-1.125 1.8125 2.20174
-1.125 1.875 2.25347
-1.125 1.9375 2.30573
-1.0625 -2 2.29469
-1.0625 -1.9375 2.24043
-1.0625 -1.875 2.18661
-1.0625 -1.8125 2.13326
-1.0625 -1.75 2.08041
-1.0625 -1.6875 2.02812
-1.0625 -1.625 1.97642
-1.0625 -1.5625 1.92537
-1.0625 -1.5 1.875
-1.0625 -1.4375 1.82539
-1.0625 -1.375 1.77658
-1.0625 -1.3125 1.72866
-1.0625 -1.25 1.6817
-1.0625 -1.1875 1.63578
-1.0625 -1.125 1.59099
-1.0625 -1.0625 1.54743
-1.0625 -1 1.5052
-1.0625 -0.9375 1.46442
-1.0625 -0.875 1.42522
-1.0625 -0.8125 1.38773
-1.0625 -0.75 1.35208
-1.0625 -0.6875 1.31844
-1.0625 -0.625 1.28695
-1.0625 -0.5625 1.25779
-1.0625 -0.5 1.23111
-1.0625 -0.4375 1.20708
-1.0625 -0.375 1.18585
-1.0625 -0.3125 1.1676
-1.0625 -0.25 1.15244
-1.0625 -0.1875 1.14052
-1.0625 -0.125 1.13192
-1.0625 -0.0625 1.12673
-1.0625 0 1.125
-1.0625 0.0625 1.12673
-1.0625 0.125 1.13192
-1.0625 0.1875 1.14052
-1.0625 0.25 1.15244
-1.0625 0.3125 1.1676
-1.0625 0.375 1.18585
-1.0625 0.4375 1.20708
-1.0625 0.5 1.23111
-1.0625 0.5625 1.25779
-1.0625 0.625 1.28695
-1.0625 0.6875 1.31844
-1.0625 0.75 1.35208
-1.0625 0.8125 1.38773
-1.0625 0.875 1.42522
-1.0625 0.9375 1.46442
-1.0625 1 1.5052
-1.0625 1.0625 1.54743
-1.0625 1.125 1.59099
-1.0625 1.1875 1.63578
-1.0625 1.25 1.6817
-1.0625 1.3125 1.72866
-1.0625 1.375 1.77658
-1.0625 1.4375 1.82539
-1.0625 1.5 1.875
-1.0625 1.5625 1.92537
-1.0625 1.625 1.97642
-1.0625 1.6875 2.02812
-1.0625 1.75 2.08041
-1.0625 1.8125 2.13326
-1.0625 1.875 2.18661
-1.0625 1.9375 2.24043
-1 -2 2.23607
-1 -1.9375 2.18035
-1 -1.875 2.125
-1 -1.8125 2.07006
-1 -1.75 2.01556
-1 -1.6875 1.96154
-1 -1.625 1.90804
-1 -1.5625 1.8551
-1 -1.5 1.80278
-1 -1.4375 1.75112
-1 -1.375 1.70018
-1 -1.3125 1.65005
-1 -1.25 1.60078
-1 -1.1875 1.55247
-1 -1.125 1.5052
-1 -1.0625 1.45908
-1 -1 1.41421
-1 -0.9375 1.37073
-1 -0.875 1.32877
-1 -0.8125 1.28847
-1 -0.75 1.25
-1 -0.6875 1.21353
-1 -0.625 1.17925
-1 -0.5625 1.14735
-1 -0.5 1.11803
-1 -0.4375 1.09152
-1 -0.375 1.068
-1 -0.3125 1.04769
-1 -0.25 1.03078
-1 -0.1875 1.01743
-1 -0.125 1.00778
-1 -0.0625 1.00195
-1 0 1
-1 0.0625 1.00195
-1 0.125 1.00778
-1 0.1875 1.01743
-1 0.25 1.03078
-1 0.3125 1.04769
-1 0.375 1.068
-1 0.4375 1.09152
-1 0.5 1.11803
-1 0.5625 1.14735
-1 0.625 1.17925
-1 0.6875 1.21353
-1 0.75 1.25
-1 0.8125 1.28847
-1 0.875 1.32877
-1 0.9375 1.37073
-1 1 1.41421
-1 1.0625 1.45908
-1 1.125 1.5052
-1 1.1875 1.55247
-1 1.25 1.60078
-1 1.3125 1.65005
-1 1.375 1.70018
-1 1.4375 1.75112
-1 1.5 1.80278
-1 1.5625 1.8551
-1 1.625 1.90804
-1 1.6875 1.96154
-1 1.75 2.01556
-1 1.8125 2.07006
-1 1.875 2.125
-1 1.9375 2.18035
-0.9375 -2 2.18303
-0.9375 -1.9375 2.12592
-0.9375 -1.875 2.06912
-0.9375 -1.8125 2.01266
-0.9375 -1.75 1.95656
-0.9375 -1.6875 1.90086
-0.9375 -1.625 1.8456
-0.9375 -1.5625 1.79082
-0.9375 -1.5 1.73656
-0.9375 -1.4375 1.68286
-0.9375 -1.375 1.6298
-0.9375 -1.3125 1.57743
-0.9375 -1.25 1.52582
-0.9375 -1.1875 1.47505
-0.9375 -1.125 1.42522
-0.9375 -1.0625 1.37642
-0.9375 -1 1.32877
-0.9375 -0.9375 1.28239
-0.9375 -0.875 1.23744
-0.9375 -0.8125 1.19406
-0.9375 -0.75 1.15244
-0.9375 -0.6875 1.11278
-0.9375 -0.625 1.07529
-0.9375 -0.5625 1.04021
-0.9375 -0.5 1.00778
-0.9375 -0.4375 0.97828
-0.9375 -0.375 0.951972
-0.9375 -0.3125 0.929129
-0.9375 -0.25 0.910014
-0.9375 -0.1875 0.894864
-0.9375 -0.125 0.883883
-0.9375 -0.0625 0.877229
-0.9375 0 0.875
-0.9375 0.0625 0.877229
-0.9375 0.125 0.883883
-0.9375 0.1875 0.894864
-0.9375 0.25 0.910014
-0.9375 0.3125 0.929129
-0.9375 0.375 0.951972
-0.9375 0.4375 0.97828
-0.9375 0.5 1.00778
-0.9375 0.5625 1.04021
-0.9375 0.625 1.07529
-0.9375 0.6875 1.11278
-0.9375 0.75 1.15244
-0.9375 0.8125 1.19406
-0.9375 0.875 1.23744
-0.9375 0.9375 1.28239
-0.9375 1 1.32877
-0.9375 1.0625 1.37642
-0.9375 1.125 1.42522
-0.9375 1.1875 1.47505
-0.9375 1.25 1.52582
-0.9375 1.3125 1.57743
-0.9375 1.375 1.6298
-0.9375 1.4375 1.68286
-0.9375 1.5 1.73656
-0.9375 1.5625 1.79082
-0.9375 1.625 1.8456
-0.9375 1.6875 1.90086
-0.9375 1.75 1.95656
-0.9375 1.8125 2.01266
-0.9375 1.875 2.06912
-0.9375 1.9375 2.12592
-0.875 -2 2.136
-0.875 -1.9375 2.0776
-0.875 -1.875 2.01944
-0.875 -1.8125 1.96154
-0.875 -1.75 1.90394
-0.875 -1.6875 1.84666
-0.875 -1.625 1.78973
-0.875 -1.5625 1.73318
-0.875 -1.5 1.67705
-0.875 -1.4375 1.62139
-0.875 -1.375 1.56625
-0.875 -1.3125 1.51167
-0.875 -1.25 1.45774
-0.875 -1.1875 1.40451
-0.875 -1.125 1.35208
-0.875 -1.0625 1.30054
-0.875 -1 1.25
-0.875 -0.9375 1.20059
-0.875 -0.875 1.15244
-0.875 -0.8125 1.10574
-0.875 -0.75 1.06066
-0.875 -0.6875 1.01743
-0.875 -0.625 0.976281
-0.875 -0.5625 0.9375
-0.875 -0.5 0.901388
-0.875 -0.4375 0.868278
-0.875 -0.375 0.838525
-0.875 -0.3125 0.8125
-0.875 -0.25 0.790569
-0.875 -0.1875 0.773082
-0.875 -0.125 0.760345
-0.875 -0.0625 0.7526
-0.875 0 0.75
-0.875 0.0625 0.7526
-0.875 0.125 0.760345
-0.875 0.1875 0.773082
-0.875 0.25 0.790569
-0.875 0.3125 0.8125
-0.875 0.375 0.838525
-0.875 0.4375 0.868278
-0.875 0.5 0.901388
-0.875 0.5625 0.9375
-0.875 0.625 0.976281
-0.875 0.6875 1.01743
-0.875 0.75 1.06066
-0.875 0.8125 1.10574
-0.875 0.875 1.15244
-0.875 0.9375 1.20059
-0.875 1 1.25
-0.875 1.0625 1.30054
-0.875 1.125 1.35208
-0.875 1.1875 1.40451
-0.875 1.25 1.45774
-0.875 1.3125 1.51167
-0.875 1.375 1.56625
-0.875 1.4375 1.62139
-0.875 1.5 1.67705
-0.875 1.5625 1.73318
-0.875 1.625 1.78973
-0.875 1.6875 1.84666
-0.875 1.75 1.90394
-0.875 1.8125 1.96154
-0.875 1.875 2.01944
-0.875 1.9375 2.0776
-0.8125 -2 2.09538
-0.8125 -1.9375 2.03581
-0.8125 -1.875 1.97642
-0.8125 -1.8125 1.91723
-0.8125 -1.75 1.85826
-0.8125 -1.6875 1.79952
-0.8125 -1.625 1.74105
-0.8125 -1.5625 1.68286
-0.8125 -1.5 1.625
-0.8125 -1.4375 1.56749
-0.8125 -1.375 1.51038
-0.8125 -1.3125 1.45371
-0.8125 -1.25 1.39754
-0.8125 -1.1875 1.34193
-0.8125 -1.125 1.28695
-0.8125 -1.0625 1.23269
-0.8125 -1 1.17925
-0.8125 -0.9375 1.12673
-0.8125 -0.875 1.07529
-0.8125 -0.8125 1.02508
-0.8125 -0.75 0.976281
-0.8125 -0.6875 0.929129
-0.8125 -0.625 0.883883
-0.8125 -0.5625 0.840852
-0.8125 -0.5 0.800391
-0.8125 -0.4375 0.76291
-0.8125 -0.375 0.728869
-0.8125 -0.3125 0.698771
-0.8125 -0.25 0.673146
-0.8125 -0.1875 0.652519
-0.8125 -0.125 0.637377
-0.8125 -0.0625 0.628117
-0.8125 0 0.625
-0.8125 0.0625 0.628117
-0.8125 0.125 0.637377
-0.8125 0.1875 0.652519
-0.8125 0.25 0.673146
-0.8125 0.3125 0.698771
-0.8125 0.375 0.728869
-0.8125 0.4375 0.76291
-0.8125 0.5 0.800391
-0.8125 0.5625 0.840852
-0.8125 0.625 0.883883
-0.8125 0.6875 0.929129
-0.8125 0.75 0.976281
-0.8125 0.8125 1.02508
-0.8125 0.875 1.07529
-0.8125 0.9375 1.12673
-0.8125 1 1.17925
-0.8125 1.0625 1.23269
-0.8125 1.125 1.28695
-0.8125 1.1875 1.34193
-0.8125 1.25 1.39754
-0.8125 1.3125 1.45371
-0.8125 1.375 1.51038
-0.8125 1.4375 1.56749
-0.8125 1.5 1.625
-0.8125 1.5625 1.68286
-0.8125 1.625 1.74105
-0.8125 1.6875 1.79952
-0.8125 1.75 1.85826
-0.8125 1.8125 1.91723
-0.8125 1.875 1.97642
-0.8125 1.9375 2.03581
-0.75 -2 2.06155
-0.75 -1.9375 2.00098
-0.75 -1.875 1.94052
-0.75 -1.8125 1.8802
-0.75 -1.75 1.82003
-0.75 -1.6875 1.76002
-0.75 -1.625 1.70018
-0.75 -1.5625 1.64055
-0.75 -1.5 1.58114
-0.75 -1.4375 1.52197
-0.75 -1.375 1.46309
-0.75 -1.3125 1.40451
-0.75 -1.25 1.34629
-0.75 -1.1875 1.28847
-0.75 -1.125 1.23111
-0.75 -1.0625 1.17427
-0.75 -1 1.11803
-0.75 -0.9375 1.0625
-0.75 -0.875 1.00778
-0.75 -0.8125 0.954021
-0.75 -0.75 0.901388
-0.75 -0.6875 0.850092
-0.75 -0.625 0.800391
-0.75 -0.5625 0.7526
-0.75 -0.5 0.707107
-0.75 -0.4375 0.664384
-0.75 -0.375 0.625
-0.75 -0.3125 0.589624
-0.75 -0.25 0.559017
-0.75 -0.1875 0.534
-0.75 -0.125 0.515388
-0.75 -0.0625 0.503891
-0.75 0 0.5
-0.75 0.0625 0.503891
-0.75 0.125 0.515388
-0.75 0.1875 0.534
-0.75 0.25 0.559017
-0.75 0.3125 0.589624
-0.75 0.375 0.625
-0.75 0.4375 0.664384
-0.75 0.5 0.707107
-0.75 0.5625 0.7526
-0.75 0.625 0.800391
-0.75 0.6875 0.850092
-0.75 0.75 0.901388
-0.75 0.8125 0.954021
-0.75 0.875 1.00778
-0.75 0.9375 1.0625
-0.75 1 1.11803
-0.75 1.0625 1.17427
-0.75 1.125 1.23111
-0.75 1.1875 1.28847
-0.75 1.25 1.34629
-0.75 1.3125 1.40451
-0.75 1.375 1.46309
-0.75 1.4375 1.52197
-0.75 1.5 1.58114
-0.75 1.5625 1.64055
-0.75 1.625 1.70018
-0.75 1.6875 1.76002
-0.75 1.75 1.82003
-0.75 1.8125 1.8802
-0.75 1.875 1.94052
-0.75 1.9375 2.00098
-0.6875 -2 2.03485
-0.6875 -1.9375 1.97346
-0.6875 -1.875 1.91213
-0.6875 -1.8125 1.85089
-0.6875 -1.75 1.78973
-0.6875 -1.6875 1.72866
-0.6875 -1.625 1.66771
-0.6875 -1.5625 1.60687
-0.6875 -1.5 1.54616
-0.6875 -1.4375 1.48561
-0.6875 -1.375 1.42522
-0.6875 -1.3125 1.36502
-0.6875 -1.25 1.30504
-0.6875 -1.1875 1.2453
-0.6875 -1.125 1.18585
-0.6875 -1.0625 1.12673
-0.6875 -1 1.068
-0.6875 -0.9375 1.00972
-0.6875 -0.875 0.951972
-0.6875 -0.8125 0.894864
-0.6875 -0.75 0.838525
-0.6875 -0.6875 0.783123
-0.6875 -0.625 0.728869
-0.6875 -0.5625 0.676041
-0.6875 -0.5 0.625
-0.6875 -0.4375 0.576222
-0.6875 -0.375 0.53033
-0.6875 -0.3125 0.488141
-0.6875 -0.25 0.450694
-0.6875 -0.1875 0.419263
-0.6875 -0.125 0.395285
-0.6875 -0.0625 0.380173
-0.6875 0 0.375
-0.6875 0.0625 0.380173
-0.6875 0.125 0.395285
-0.6875 0.1875 0.419263
-0.6875 0.25 0.450694
-0.6875 0.3125 0.488141
-0.6875 0.375 0.53033
-0.6875 0.4375 0.576222
-0.6875 0.5 0.625
-0.6875 0.5625 0.676041
-0.6875 0.625 0.728869
-0.6875 0.6875 0.783123
-0.6875 0.75 0.838525
-0.6875 0.8125 0.894864
-0.6875 0.875 0.951972
-0.6875 0.9375 1.00972
-0.6875 1 1.068
-0.6875 1.0625 1.12673
-0.6875 1.125 1.18585
-0.6875 1.1875 1.2453
-0.6875 1.25 1.30504
-0.6875 1.3125 1.36502
-0.6875 1.375 1.42522
-0.6875 1.4375 1.48561
-0.6875 1.5 1.54616
-0.6875 1.5625 1.60687
-0.6875 1.625 1.66771
-0.6875 1.6875 1.72866
-0.6875 1.75 1.78973
-0.6875 1.8125 1.85089
-0.6875 1.875 1.91213
-0.6875 1.9375 1.97346
-0.625 -2 2.01556
-0.625 -1.9375 1.95356
-0.625 -1.875 1.89159
-0.625 -1.8125 1.82966
-0.625 -1.75 1.76777
-0.625 -1.6875 1.70592
-0.625 -1.625 1.64412
-0.625 -1.5625 1.58237
-0.625 -1.5 1.52069
-0.625 -1.4375 1.45908
-0.625 -1.375 1.39754
-0.625 -1.3125 1.3361
-0.625 -1.25 1.27475
-0.625 -1.1875 1.21353
-0.625 -1.125 1.15244
-0.625 -1.0625 1.09152
-0.625 -1 1.03078
-0.625 -0.9375 0.970261
-0.625 -0.875 0.910014
-0.625 -0.8125 0.850092
-0.625 -0.75 0.790569
-0.625 -0.6875 0.731544
-0.625 -0.625 0.673146
-0.625 -0.5625 0.615554
-0.625 -0.5 0.559017
-0.625 -0.4375 0.503891
-0.625 -0.375 0.450694
-0.625 -0.3125 0.400195
-0.625 -0.25 0.353553
-0.625 -0.1875 0.3125
-0.625 -0.125 0.279508
-0.625 -0.0625 0.257694
-0.625 0 0.25
-0.625 0.0625 0.257694
-0.625 0.125 0.279508
-0.625 0.1875 0.3125
-0.625 0.25 0.353553
-0.625 0.3125 0.400195
-0.625 0.375 0.450694
-0.625 0.4375 0.503891
-0.625 0.5 0.559017
-0.625 0.5625 0.615554
-0.625 0.625 0.673146
-0.625 0.6875 0.731544
-0.625 0.75 0.790569
-0.625 0.8125 0.850092
-0.625 0.875 0.910014
-0.625 0.9375 0.970261
-0.625 1 1.03078
-0.625 1.0625 1.09152
-0.625 1.125 1.15244
-0.625 1.1875 1.21353
-0.625 1.25 1.27475
-0.625 1.3125 1.3361
-0.625 1.375 1.39754
-0.625 1.4375 1.45908
-0.625 1.5 1.52069
-0.625 1.5625 1.58237
-0.625 1.625 1.64412
-0.625 1.6875 1.70592
-0.625 1.75 1.76777
-0.625 1.8125 1.82966
-0.625 1.875 1.89159
-0.625 1.9375 1.95356
-0.5625 -2 2.0039
-0.5625 -1.9375 1.94153
-0.5625 -1.875 1.87916
-0.5625 -1.8125 1.81681
-0.5625 -1.75 1.75446
-0.5625 -1.6875 1.69212
-0.5625 -1.625 1.6298
-0.5625 -1.5625 1.56749
-0.5625 -1.5 1.5052
-0.5625 -1.4375 1.44292
-0.5625 -1.375 1.38067
-0.5625 -1.3125 1.31844
-0.5625 -1.25 1.25623
-0.5625 -1.1875 1.19406
-0.5625 -1.125 1.13192
-0.5625 -1.0625 1.06983
-0.5625 -1 1.00778
-0.5625 -0.9375 0.945797
-0.5625 -0.875 0.883883
-0.5625 -0.8125 0.822059
-0.5625 -0.75 0.760345
-0.5625 -0.6875 0.698771
-0.5625 -0.625 0.637377
-0.5625 -0.5625 0.576222
-0.5625 -0.5 0.515388
-0.5625 -0.4375 0.455007
-0.5625 -0.375 0.395285
-0.5625 -0.3125 0.336573
-0.5625 -0.25 0.279508
-0.5625 -0.1875 0.225347
-0.5625 -0.125 0.176777
-0.5625 -0.0625 0.139754
-0.5625 0 0.125
-0.5625 0.0625 0.139754
-0.5625 0.125 0.176777
-0.5625 0.1875 0.225347
-0.5625 0.25 0.279508
-0.5625 0.3125 0.336573
-0.5625 0.375 0.395285
-0.5625 0.4375 0.455007
-0.5625 0.5 0.515388
-0.5625 0.5625 0.576222
-0.5625 0.625 0.637377
-0.5625 0.6875 0.698771
-0.5625 0.75 0.760345
-0.5625 0.8125 0.822059
-0.5625 0.875 0.883883
-0.5625 0.9375 0.945797
-0.5625 1 1.00778
-0.5625 1.0625 1.06983
-0.5625 1.125 1.13192
-0.5625 1.1875 1.19406
-0.5625 1.25 1.25623
-0.5625 1.3125 1.31844
-0.5625 1.375 1.38067
-0.5625 1.4375 1.44292
-0.5625 1.5 1.5052
-0.5625 1.5625 1.56749
-0.5625 1.625 1.6298
-0.5625 1.6875 1.69212
-0.5625 1.75 1.75446
-0.5625 1.8125 1.81681
-0.5625 1.875 1.87916
-0.5625 1.9375 1.94153
-0.5 -2 2
-0.5 -1.9375 1.9375
-0.5 -1.875 1.875
-0.5 -1.8125 1.8125
-0.5 -1.75 1.75
-0.5 -1.6875 1.6875
-0.5 -1.625 1.625
-0.5 -1.5625 1.5625
-0.5 -1.5 1.5
-0.5 -1.4375 1.4375
-0.5 -1.375 1.375
-0.5 -1.3125 1.3125
-0.5 -1.25 1.25
-0.5 -1.1875 1.1875
-0.5 -1.125 1.125
-0.5 -1.0625 1.0625
-0.5 -1 1
-0.5 -0.9375 0.9375
-0.5 -0.875 0.875
-0.5 -0.8125 0.8125
-0.5 -0.75 0.75
-0.5 -0.6875 0.6875
-0.5 -0.625 0.625
-0.5 -0.5625 0.5625
-0.5 -0.5 0.5
-0.5 -0.4375 0.4375
-0.5 -0.375 0.375
-0.5 -0.3125 0.3125
-0.5 -0.25 0.25
-0.5 -0.1875 0.1875
-0.5 -0.125 0.125
-0.5 -0.0625 0.0625
-0.5 0 0
-0.5 0.0625 0.0625
-0.5 0.125 0.125
-0.5 0.1875 0.1875
-0.5 0.25 0.25
-0.5 0.3125 0.3125
-0.5 0.375 0.375
-0.5 0.4375 0.4375
-0.5 0.5 0.5
-0.5 0.5625 0.5625
-0.5 0.625 0.625
-0.5 0.6875 0.6875
-0.5 0.75 0.75
-0.5 0.8125 0.8125
-0.5 0.875 0.875
-0.5 0.9375 0.9375
-0.5 1 1
-0.5 1.0625 1.0625
-0.5 1.125 1.125
-0.5 1.1875 1.1875
-0.5 1.25 1.25
-0.5 1.3125 1.3125
-0.5 1.375 1.375
-0.5 1.4375 1.4375
-0.5 1.5 1.5
-0.5 1.5625 1.5625
-0.5 1.625 1.625
-0.5 1.6875 1.6875
-0.5 1.75 1.75
-0.5 1.8125 1.8125
-0.5 1.875 1.875
-0.5 1.9375 1.9375
-0.4375 -2 2.0039
-0.4375 -1.9375 1.94153
-0.4375 -1.875 1.87916
-0.4375 -1.8125 1.81681
-0.4375 -1.75 1.75446
-0.4375 -1.6875 1.69212
-0.4375 -1.625 1.6298
-0.4375 -1.5625 1.56749
-0.4375 -1.5 1.5052
-0.4375 -1.4375 1.44292
-0.4375 -1.375 1.38067
-0.4375 -1.3125 1.31844
-0.4375 -1.25 1.25623
-0.4375 -1.1875 1.19406
-0.4375 -1.125 1.13192
-0.4375 -1.0625 1.06983
-0.4375 -1 1.00778
-0.4375 -0.9375 0.945797
-0.4375 -0.875 0.883883
-0.4375 -0.8125 0.822059
-0.4375 -0.75 0.760345
-0.4375 -0.6875 0.698771
-0.4375 -0.625 0.637377
-0.4375 -0.5625 0.576222
-0.4375 -0.5 0.515388
-0.4375 -0.4375 0.455007
-0.4375 -0.375 0.395285
-0.4375 -0.3125 0.336573
-0.4375 -0.25 0.279508
-0.4375 -0.1875 0.225347
-0.4375 -0.125 0.176777
-0.4375 -0.0625 0.139754
-0.4375 0 0.125
-0.4375 0.0625 0.139754
-0.4375 0.125 0.176777
-0.4375 0.1875 0.225347
-0.4375 0.25 0.279508
-0.4375 0.3125 0.336573
-0.4375 0.375 0.395285
-0.4375 0.4375 0.455007
-0.4375 0.5 0.515388
-0.4375 0.5625 0.576222
-0.4375 0.625 0.637377
-0.4375 0.6875 0.698771
-0.4375 0.75 0.760345
-0.4375 0.8125 0.822059
-0.4375 0.875 0.883883
-0.4375 0.9375 0.945797
-0.4375 1 1.00778
-0.4375 1.0625 1.06983
-0.4375 1.125 1.13192
-0.4375 1.1875 1.19406
-0.4375 1.25 1.25623
-0.4375 1.3125 1.31844
-0.4375 1.375 1.38067
-0.4375 1.4375 1.44292
-0.4375 1.5 1.5052
-0.4375 1.5625 1.56749
-0.4375 1.625 1.6298
-0.4375 1.6875 1.69212
-0.4375 1.75 1.75446
-0.4375 1.8125 1.81681
-0.4375 1.875 1.87916
-0.4375 1.9375 1.94153
-0.375 -2 2.01556
-0.375 -1.9375 1.95356
-0.375 -1.875 1.89159
-0.375 -1.8125 1.82966
-0.375 -1.75 1.76777
-0.375 -1.6875 1.70592
-0.375 -1.625 1.64412
-0.375 -1.5625 1.58237
-0.375 -1.5 1.52069
-0.375 -1.4375 1.45908
-0.375 -1.375 1.39754
-0.375 -1.3125 1.3361
-0.375 -1.25 1.27475
-0.375 -1.1875 1.21353
-0.375 -1.125 1.15244
-0.375 -1.0625 1.09152
-0.375 -1 1.03078
-0.375 -0.9375 0.970261
-0.375 -0.875 0.910014
-0.375 -0.8125 0.850092
-0.375 -0.75 0.790569
-0.375 -0.6875 0.731544
-0.375 -0.625 0.673146
-0.375 -0.5625 0.615554
-0.375 -0.5 0.559017
-0.375 -0.4375 0.503891
-0.375 -0.375 0.450694
-0.375 -0.3125 0.400195
-0.375 -0.25 0.353553
-0.375 -0.1875 0.3125
-0.375 -0.125 0.279508
-0.375 -0.0625 0.257694
-0.375 0 0.25
-0.375 0.0625 0.257694
-0.375 0.125 0.279508
-0.375 0.1875 0.3125
-0.375 0.25 0.353553
-0.375 0.3125 0.400195
-0.375 0.375 0.450694
-0.375 0.4375 0.503891
-0.375 0.5 0.559017
-0.375 0.5625 0.615554
-0.375 0.625 0.673146
-0.375 0.6875 0.731544
-0.375 0.75 0.790569
-0.375 0.8125 0.850092
-0.375 0.875 0.910014
-0.375 0.9375 0.970261
-0.375 1 1.03078
-0.375 1.0625 1.09152
-0.375 1.125 1.15244
-0.375 1.1875 1.21353
-0.375 1.25 1.27475
-0.375 1.3125 1.3361
-0.375 1.375 1.39754
-0.375 1.4375 1.45908
-0.375 1.5 1.52069
-0.375 1.5625 1.58237
-0.375 1.625 1.64412
-0.375 1.6875 1.70592
-0.375 1.75 1.76777
-0.375 1.8125 1.82966
-0.375 1.875 1.89159
-0.375 1.9375 1.95356
-0.3125 -2 2.03485
-0.3125 -1.9375 1.97346
-0.3125 -1.875 1.91213
-0.3125 -1.8125 1.85089
-0.3125 -1.75 1.78973
-0.3125 -1.6875 1.72866
-0.3125 -1.625 1.66771
-0.3125 -1.5625 1.60687
-0.3125 -1.5 1.54616
-0.3125 -1.4375 1.48561
-0.3125 -1.375 1.42522
-0.3125 -1.3125 1.36502
-0.3125 -1.25 1.30504
-0.3125 -1.1875 1.2453
-0.3125 -1.125 1.18585
-0.3125 -1.0625 1.12673
-0.3125 -1 1.068
-0.3125 -0.9375 1.00972
-0.3125 -0.875 0.951972
-0.3125 -0.8125 0.894864
-0.3125 -0.75 0.838525
-0.3125 -0.6875 0.783123
-0.3125 -0.625 0.728869
-0.3125 -0.5625 0.676041
-0.3125 -0.5 0.625
-0.3125 -0.4375 0.576222
-0.3125 -0.375 0.53033
-0.3125 -0.3125 0.488141
-0.3125 -0.25 0.450694
-0.3125 -0.1875 0.419263
-0.3125 -0.125 0.395285
-0.3125 -0.0625 0.380173
-0.3125 0 0.375
-0.3125 0.0625 0.380173
-0.3125 0.125 0.395285
-0.3125 0.1875 0.419263
-0.3125 0.25 0.450694
-0.3125 0.3125 0.488141
-0.3125 0.375 0.53033
-0.3125 0.4375 0.576222
-0.3125 0.5 0.625
-0.3125 0.5625 0.676041
-0.3125 0.625 0.728869
-0.3125 0.6875 0.783123
-0.3125 0.75 0.838525
-0.3125 0.8125 0.894864
-0.3125 0.875 0.951972
-0.3125 0.9375 1.00972
-0.3125 1 1.068
-0.3125 1.0625 1.12673
-0.3125 1.125 1.18585
-0.3125 1.1875 1.2453
-0.3125 1.25 1.30504
-0.3125 1.3125 1.36502
-0.3125 1.375 1.42522
-0.3125 1.4375 1.48561
-0.3125 1.5 1.54616
-0.3125 1.5625 1.60687
-0.3125 1.625 1.66771
-0.3125 1.6875 1.72866
-0.3125 1.75 1.78973
-0.3125 1.8125 1.85089
-0.3125 1.875 1.91213
-0.3125 1.9375 1.97346
-0.25 -2 2.06155
-0.25 -1.9375 2.00098
-0.25 -1.875 1.94052
-0.25 -1.8125 1.8802
-0.25 -1.75 1.82003
-0.25 -1.6875 1.76002
-0.25 -1.625 1.70018
-0.25 -1.5625 1.64055
-0.25 -1.5 1.58114
-0.25 -1.4375 1.52197
-0.25 -1.375 1.46309
-0.25 -1.3125 1.40451
-0.25 -1.25 1.34629
-0.25 -1.1875 1.28847
-0.25 -1.125 1.23111
-0.25 -1.0625 1.17427
-0.25 -1 1.11803
-0.25 -0.9375 1.0625
-0.25 -0.875 1.00778
-0.25 -0.8125 0.954021
-0.25 -0.75 0.901388
-0.25 -0.6875 0.850092
-0.25 -0.625 0.800391
-0.25 -0.5625 0.7526
-0.25 -0.5 0.707107
-0.25 -0.4375 0.664384
-0.25 -0.375 0.625
-0.25 -0.3125 0.589624
-0.25 -0.25 0.559017
-0.25 -0.1875 0.534
-0.25 -0.125 0.515388
-0.25 -0.0625 0.503891
-0.25 0 0.5
-0.25 0.0625 0.503891
-0.25 0.125 0.515388
-0.25 0.1875 0.534
-0.25 0.25 0.559017
-0.25 0.3125 0.589624
-0.25 0.375 0.625
-0.25 0.4375 0.664384
-0.25 0.5 0.707107
-0.25 0.5625 0.7526
-0.25 0.625 0.800391
-0.25 0.6875 0.850092
-0.25 0.75 0.901388
-0.25 0.8125 0.954021
-0.25 0.875 1.00778
-0.25 0.9375 1.0625
-0.25 1 1.11803
-0.25 1.0625 1.17427
-0.25 1.125 1.23111
-0.25 1.1875 1.28847
-0.25 1.25 1.34629
-0.25 1.3125 1.40451
-0.25 1.375 1.46309
-0.25 1.4375 1.52197
-0.25 1.5 1.58114
-0.25 1.5625 1.64055
-0.25 1.625 1.70018
-0.25 1.6875 1.76002
-0.25 1.75 1.82003
-0.25 1.8125 1.8802
-0.25 1.875 1.94052
-0.25 1.9375 2.00098
-0.1875 -2 2.09538
-0.1875 -1.9375 2.03581
-0.1875 -1.875 1.97642
-0.1875 -1.8125 1.91723
-0.1875 -1.75 1.85826
-0.1875 -1.6875 1.79952
-0.1875 -1.625 1.74105
-0.1875 -1.5625 1.68286
-0.1875 -1.5 1.625
-0.1875 -1.4375 1.56749
-0.1875 -1.375 1.51038
-0.1875 -1.3125 1.45371
-0.1875 -1.25 1.39754
-0.1875 -1.1875 1.34193
-0.1875 -1.125 1.28695
-0.1875 -1.0625 1.23269
-0.1875 -1 1.17925
-0.1875 -0.9375 1.12673
-0.1875 -0.875 1.07529
-0.1875 -0.8125 1.02508
-0.1875 -0.75 0.976281
-0.1875 -0.6875 0.929129
-0.1875 -0.625 0.883883
-0.1875 -0.5625 0.840852
-0.1875 -0.5 0.800391
-0.1875 -0.4375 0.76291
-0.1875 -0.375 0.728869
-0.1875 -0.3125 0.698771
-0.1875 -0.25 0.673146
-0.1875 -0.1875 0.652519
-0.1875 -0.125 0.637377
-0.1875 -0.0625 0.628117
-0.1875 0 0.625
-0.1875 0.0625 0.628117
-0.1875 0.125 0.637377
-0.1875 0.1875 0.652519
-0.1875 0.25 0.673146
-0.1875 0.3125 0.698771
-0.1875 0.375 0.728869
-0.1875 0.4375 0.76291
-0.1875 0.5 0.800391
-0.1875 0.5625 0.840852
-0.1875 0.625 0.883883
-0.1875 0.6875 0.929129
-0.1875 0.75 0.976281
-0.1875 0.8125 1.02508
-0.1875 0.875 1.07529
-0.1875 0.9375 1.12673
-0.1875 1 1.17925
-0.1875 1.0625 1.23269
-0.1875 1.125 1.28695
-0.1875 1.1875 1.34193
-0.1875 1.25 1.39754
-0.1875 1.3125 1.45371
-0.1875 1.375 1.51038
-0.1875 1.4375 1.56749
-0.1875 1.5 1.625
-0.1875 1.5625 1.68286
-0.1875 1.625 1.74105
-0.1875 1.6875 1.79952
-0.1875 1.75 1.85826
-0.1875 1.8125 1.91723
-0.1875 1.875 1.97642
-0.1875 1.9375 2.03581
-0.125 -2 2.136
-0.125 -1.9375 2.0776
-0.125 -1.875 2.01944
-0.125 -1.8125 1.96154
-0.125 -1.75 1.90394
-0.125 -1.6875 1.84666
-0.125 -1.625 1.78973
-0.125 -1.5625 1.73318
-0.125 -1.5 1.67705
-0.125 -1.4375 1.62139
-0.125 -1.375 1.56625
-0.125 -1.3125 1.51167
-0.125 -1.25 1.45774
-0.125 -1.1875 1.40451
-0.125 -1.125 1.35208
-0.125 -1.0625 1.30054
-0.125 -1 1.25
-0.125 -0.9375 1.20059
-0.125 -0.875 1.15244
-0.125 -0.8125 1.10574
-0.125 -0.75 1.06066
-0.125 -0.6875 1.01743
-0.125 -0.625 0.976281
-0.125 -0.5625 0.9375
-0.125 -0.5 0.901388
-0.125 -0.4375 0.868278
-0.125 -0.375 0.838525
-0.125 -0.3125 0.8125
-0.125 -0.25 0.790569
-0.125 -0.1875 0.773082
-0.125 -0.125 0.760345
-0.125 -0.0625 0.7526
-0.125 0 0.75
-0.125 0.0625 0.7526
-0.125 0.125 0.760345
-0.125 0.1875 0.773082
-0.125 0.25 0.790569
-0.125 0.3125 0.8125
-0.125 0.375 0.838525
-0.125 0.4375 0.868278
-0.125 0.5 0.901388
-0.125 0.5625 0.9375
-0.125 0.625 0.976281
-0.125 0.6875 1.01743
-0.125 0.75 1.06066
-0.125 0.8125 1.10574
-0.125 0.875 1.15244
-0.125 0.9375 1.20059
-0.125 1 1.25
-0.125 1.0625 1.30054
-0.125 1.125 1.35208
-0.125 1.1875 1.40451
-0.125 1.25 1.45774
-0.125 1.3125 1.51167
-0.125 1.375 1.56625
-0.125 1.4375 1.62139
-0.125 1.5 1.67705
-0.125 1.5625 1.73318
-0.125 1.625 1.78973
-0.125 1.6875 1.84666
-0.125 1.75 1.90394
-0.125 1.8125 1.96154
-0.125 1.875 2.01944
-0.125 1.9375 2.0776
-0.0625 -2 2.18303
-0.0625 -1.9375 2.12592
-0.0625 -1.875 2.06912
-0.0625 -1.8125 2.01266
-0.0625 -1.75 1.95656
-0.0625 -1.6875 1.90086
-0.0625 -1.625 1.8456
-0.0625 -1.5625 1.79082
-0.0625 -1.5 1.73656
-0.0625 -1.4375 1.68286
-0.0625 -1.375 1.6298
-0.0625 -1.3125 1.57743
-0.0625 -1.25 1.52582
-0.0625 -1.1875 1.47505
-0.0625 -1.125 1.42522
-0.0625 -1.0625 1.37642
-0.0625 -1 1.32877
-0.0625 -0.9375 1.28239
-0.0625 -0.875 1.23744
-0.0625 -0.8125 1.19406
-0.0625 -0.75 1.15244
-0.0625 -0.6875 1.11278
-0.0625 -0.625 1.07529
-0.0625 -0.5625 1.04021
-0.0625 -0.5 1.00778
-0.0625 -0.4375 0.97828
-0.0625 -0.375 0.951972
-0.0625 -0.3125 0.929129
-0.0625 -0.25 0.910014
-0.0625 -0.1875 0.894864
-0.0625 -0.125 0.883883
-0.0625 -0.0625 0.877229
-0.0625 0 0.875
-0.0625 0.0625 0.877229
-0.0625 0.125 0.883883
-0.0625 0.1875 0.894864
-0.0625 0.25 0.910014
-0.0625 0.3125 0.929129
-0.0625 0.375 0.951972
-0.0625 0.4375 0.97828
-0.0625 0.5 1.00778
-0.0625 0.5625 1.04021
-0.0625 0.625 1.07529
-0.0625 0.6875 1.11278
-0.0625 0.75 1.15244
-0.0625 0.8125 1.19406
-0.0625 0.875 1.23744
-0.0625 0.9375 1.28239
-0.0625 1 1.32877
-0.0625 1.0625 1.37642
-0.0625 1.125 1.42522
-0.0625 1.1875 1.47505
-0.0625 1.25 1.52582
-0.0625 1.3125 1.57743
-0.0625 1.375 1.6298
-0.0625 1.4375 1.68286
-0.0625 1.5 1.73656
-0.0625 1.5625 1.79082
-0.0625 1.625 1.8456
-0.0625 1.6875 1.90086
-0.0625 1.75 1.95656
-0.0625 1.8125 2.01266
-0.0625 1.875 2.06912
-0.0625 1.9375 2.12592
0 -2 2.23607
0 -1.9375 2.18035
0 -1.875 2.125
0 -1.8125 2.07006
0 -1.75 2.01556
0 -1.6875 1.96154
0 -1.625 1.90804
0 -1.5625 1.8551
0 -1.5 1.80278
0 -1.4375 1.75112
0 -1.375 1.70018
0 -1.3125 1.65005
0 -1.25 1.60078
0 -1.1875 1.55247
0 -1.125 1.5052
0 -1.0625 1.45908
0 -1 1.41421
0 -0.9375 1.37073
0 -0.875 1.32877
0 -0.8125 1.28847
0 -0.75 1.25
0 -0.6875 1.21353
0 -0.625 1.17925
0 -0.5625 1.14735
0 -0.5 1.11803
0 -0.4375 1.09152
0 -0.375 1.068
0 -0.3125 1.04769
0 -0.25 1.03078
0 -0.1875 1.01743
0 -0.125 1.00778
0 -0.0625 1.00195
0 0 1
0 0.0625 1.00195
0 0.125 1.00778
0 0.1875 1.01743
0 0.25 1.03078
0 0.3125 1.04769
0 0.375 1.068
0 0.4375 1.09152
0 0.5 1.11803
0 0.5625 1.14735
0 0.625 1.17925
0 0.6875 1.21353
0 0.75 1.25
0 0.8125 1.28847
0 0.875 1.32877
0 0.9375 1.37073
0 1 1.41421
0 1.0625 1.45908
0 1.125 1.5052
0 1.1875 1.55247
0 1.25 1.60078
0 1.3125 1.65005
0 1.375 1.70018
0 1.4375 1.75112
0 1.5 1.80278
0 1.5625 1.8551
0 1.625 1.90804
0 1.6875 1.96154
0 1.75 2.01556
0 1.8125 2.07006
0 1.875 2.125
0 1.9375 2.18035
0.0625 -2 2.29469
0.0625 -1.9375 2.24043
0.0625 -1.875 2.18661
0.0625 -1.8125 2.13326
0.0625 -1.75 2.08041
0.0625 -1.6875 2.02812
0.0625 -1.625 1.97642
0.0625 -1.5625 1.92537
0.0625 -1.5 1.875
0.0625 -1.4375 1.82539
0.0625 -1.375 1.77658
0.0625 -1.3125 1.72866
0.0625 -1.25 1.6817
0.0625 -1.1875 1.63578
0.0625 -1.125 1.59099
0.0625 -1.0625 1.54743
0.0625 -1 1.5052
0.0625 -0.9375 1.46442
0.0625 -0.875 1.42522
0.0625 -0.8125 1.38773
0.0625 -0.75 1.35208
0.0625 -0.6875 1.31844
0.0625 -0.625 1.28695
0.0625 -0.5625 1.25779
0.0625 -0.5 1.23111
0.0625 -0.4375 1.20708
0.0625 -0.375 1.18585
0.0625 -0.3125 1.1676
0.0625 -0.25 1.15244
0.0625 -0.1875 1.14052
0.0625 -0.125 1.13192
0.0625 -0.0625 1.12673
0.0625 0 1.125
0.0625 0.0625 1.12673
0.0625 0.125 1.13192
0.0625 0.1875 1.14052
0.0625 0.25 1.15244
0.0625 0.3125 1.1676
0.0625 0.375 1.18585
0.0625 0.4375 1.20708
0.0625 0.5 1.23111
0.0625 0.5625 1.25779
0.0625 0.625 1.28695
0.0625 0.6875 1.31844
0.0625 0.75 1.35208
0.0625 0.8125 1.38773
0.0625 0.875 1.42522
0.0625 0.9375 1.46442
0.0625 1 1.5052
0.0625 1.0625 1.54743
0.0625 1.125 1.59099
0.0625 1.1875 1.63578
0.0625 1.25 1.6817
0.0625 1.3125 1.72866
0.0625 1.375 1.77658
0.0625 1.4375 1.82539
0.0625 1.5 1.875
0.0625 1.5625 1.92537
0.0625 1.625 1.97642
0.0625 1.6875 2.02812
0.0625 1.75 2.08041
0.0625 1.8125 2.13326
0.0625 1.875 2.18661
0.0625 1.9375 2.24043
0.125 -2 2.3585
0.125 -1.9375 2.30573
0.125 -1.875 2.25347
0.125 -1.8125 2.20174
0.125 -1.75 2.15058
0.125 -1.6875 2.10004
0.125 -1.625 2.05015
0.125 -1.5625 2.00098
0.125 -1.5 1.95256
0.125 -1.4375 1.90497
0.125 -1.375 1.85826
0.125 -1.3125 1.8125
0.125 -1.25 1.76777
0.125 -1.1875 1.72414
0.125 -1.125 1.6817
0.125 -1.0625 1.64055
0.125 -1 1.60078
0.125 -0.9375 1.5625
0.125 -0.875 1.52582
0.125 -0.8125 1.49086
0.125 -0.75 1.45774
0.125 -0.6875 1.42659
0.125 -0.625 1.39754
0.125 -0.5625 1.37073
0.125 -0.5 1.34629
0.125 -0.4375 1.32435
0.125 -0.375 1.30504
0.125 -0.3125 1.28847
0.125 -0.25 1.27475
0.125 -0.1875 1.26398
0.125 -0.125 1.25623
0.125 -0.0625 1.25156
0.125 0 1.25
0.125 0.0625 1.25156
0.125 0.125 1.25623
0.125 0.1875 1.26398
0.125 0.25 1.27475
0.125 0.3125 1.28847
0.125 0.375 1.30504
0.125 0.4375 1.32435
0.125 0.5 1.34629
0.125 0.5625 1.37073
0.125 0.625 1.39754
0.125 0.6875 1.42659
0.125 0.75 1.45774
0.125 0.8125 1.49086
0.125 0.875 1.52582
0.125 0.9375 1.5625
0.125 1 1.60078
0.125 1.0625 1.64055
0.125 1.125 1.6817
0.125 1.1875 1.72414
0.125 1.25 1.76777
0.125 1.3125 1.8125
0.125 1.375 1.85826
0.125 1.4375 1.90497
0.125 1.5 1.95256
0.125 1.5625 2.00098
0.125 1.625 2.05015
0.125 1.6875 2.10004
0.125 1.75 2.15058
0.125 1.8125 2.20174
0.125 1.875 2.25347
0.125 1.9375 2.30573
0.1875 -2 2.42706
0.1875 -1.9375 2.37582
0.1875 -1.875 2.32513
0.1875 -1.8125 2.27503
0.1875 -1.75 2.22556
0.1875 -1.6875 2.17676
0.1875 -1.625 2.12867
0.1875 -1.5625 2.08135
0.1875 -1.5 2.03485
0.1875 -1.4375 1.98923
0.1875 -1.375 1.94454
0.1875 -1.3125 1.90086
0.1875 -1.25 1.85826
0.1875 -1.1875 1.81681
0.1875 -1.125 1.77658
0.1875 -1.0625 1.73768
0.1875 -1 1.70018
0.1875 -0.9375 1.66419
0.1875 -0.875 1.6298
0.1875 -0.8125 1.59712
0.1875 -0.75 1.56625
0.1875 -0.6875 1.5373
0.1875 -0.625 1.51038
0.1875 -0.5625 1.48561
0.1875 -0.5 1.46309
0.1875 -0.4375 1.44292
0.1875 -0.375 1.42522
0.1875 -0.3125 1.41006
0.1875 -0.25 1.39754
0.1875 -0.1875 1.38773
0.1875 -0.125 1.38067
0.1875 -0.0625 1.37642
0.1875 0 1.375
0.1875 0.0625 1.37642
0.1875 0.125 1.38067
0.1875 0.1875 1.38773
0.1875 0.25 1.39754
0.1875 0.3125 1.41006
0.1875 0.375 1.42522
0.1875 0.4375 1.44292
0.1875 0.5 1.46309
0.1875 0.5625 1.48561
0.1875 0.625 1.51038
0.1875 0.6875 1.5373
0.1875 0.75 1.56625
0.1875 0.8125 1.59712
0.1875 0.875 1.6298
0.1875 0.9375 1.66419
0.1875 1 1.70018
0.1875 1.0625 1.73768
0.1875 1.125 1.77658
0.1875 1.1875 1.81681
0.1875 1.25 1.85826
0.1875 1.3125 1.90086
0.1875 1.375 1.94454
0.1875 1.4375 1.98923
0.1875 1.5 2.03485
0.1875 1.5625 2.08135
0.1875 1.625 2.12867
0.1875 1.6875 2.17676
0.1875 1.75 2.22556
0.1875 1.8125 2.27503
0.1875 1.875 2.32513
0.1875 1.9375 2.37582
0.25 -2 2.5
0.25 -1.9375 2.45029
0.25 -1.875 2.40117
0.25 -1.8125 2.35269
0.25 -1.75 2.30489
0.25 -1.6875 2.2578
0.25 -1.625 2.21148
0.25 -1.5625 2.16597
0.25 -1.5 2.12132
0.25 -1.4375 2.0776
0.25 -1.375 2.03485
0.25 -1.3125 1.99315
0.25 -1.25 1.95256
0.25 -1.1875 1.91315
0.25 -1.125 1.875
0.25 -1.0625 1.83818
0.25 -1 1.80278
0.25 -0.9375 1.76887
0.25 -0.875 1.73656
0.25 -0.8125 1.70592
0.25 -0.75 1.67705
0.25 -0.6875 1.65005
0.25 -0.625 1.625
0.25 -0.5625 1.602
0.25 -0.5 1.58114
0.25 -0.4375 1.5625
0.25 -0.375 1.54616
0.25 -0.3125 1.53221
0.25 -0.25 1.52069
0.25 -0.1875 1.51167
0.25 -0.125 1.5052
0.25 -0.0625 1.5013
0.25 0 1.5
0.25 0.0625 1.5013
0.25 0.125 1.5052
0.25 0.1875 1.51167
0.25 0.25 1.52069
0.25 0.3125 1.53221
0.25 0.375 1.54616
0.25 0.4375 1.5625
0.25 0.5 1.58114
0.25 0.5625 1.602
0.25 0.625 1.625
0.25 0.6875 1.65005
0.25 0.75 1.67705
0.25 0.8125 1.70592
0.25 0.875 1.73656
0.25 0.9375 1.76887
0.25 1 1.80278
0.25 1.0625 1.83818
0.25 1.125 1.875
0.25 1.1875 1.91315
0.25 1.25 1.95256
0.25 1.3125 1.99315
0.25 1.375 2.03485
0.25 1.4375 2.0776
0.25 1.5 2.12132
0.25 1.5625 2.16597
0.25 1.625 2.21148
0.25 1.6875 2.2578
0.25 1.75 2.30489
0.25 1.8125 2.35269
0.25 1.875 2.40117
0.25 1.9375 2.45029
0.3125 -2 2.57694
0.3125 -1.9375 2.52874
0.3125 -1.875 2.48118
0.3125 -1.8125 2.43429
0.3125 -1.75 2.38812
0.3125 -1.6875 2.34271
0.3125 -1.625 2.2981
0.3125 -1.5625 2.25434
0.3125 -1.5 2.21148
0.3125 -1.4375 2.16957
0.3125 -1.375 2.12867
0.3125 -1.3125 2.08885
0.3125 -1.25 2.05015
0.3125 -1.1875 2.01266
0.3125 -1.125 1.97642
0.3125 -1.0625 1.94153
0.3125 -1 1.90804
0.3125 -0.9375 1.87604
0.3125 -0.875 1.8456
0.3125 -0.8125 1.81681
0.3125 -0.75 1.78973
0.3125 -0.6875 1.76445
0.3125 -0.625 1.74105
0.3125 -0.5625 1.7196
0.3125 -0.5 1.70018
0.3125 -0.4375 1.68286
0.3125 -0.375 1.66771
0.3125 -0.3125 1.65478
0.3125 -0.25 1.64412
0.3125 -0.1875 1.63578
0.3125 -0.125 1.6298
0.3125 -0.0625 1.6262
0.3125 0 1.625
0.3125 0.0625 1.6262
0.3125 0.125 1.6298
0.3125 0.1875 1.63578
0.3125 0.25 1.64412
0.3125 0.3125 1.65478
0.3125 0.375 1.66771
0.3125 0.4375 1.68286
0.3125 0.5 1.70018
0.3125 0.5625 1.7196
0.3125 0.625 1.74105
0.3125 0.6875 1.76445
0.3125 0.75 1.78973
0.3125 0.8125 1.81681
0.3125 0.875 1.8456
0.3125 0.9375 1.87604
0.3125 1 1.90804
0.3125 1.0625 1.94153
0.3125 1.125 1.97642
0.3125 1.1875 2.01266
0.3125 1.25 2.05015
0.3125 1.3125 2.08885
0.3125 1.375 2.12867
0.3125 1.4375 2.16957
0.3125 1.5 2.21148
0.3125 1.5625 2.25434
0.3125 1.625 2.2981
0.3125 1.6875 2.34271
0.3125 1.75 2.38812
0.3125 1.8125 2.43429
0.3125 1.875 2.48118
0.3125 1.9375 2.52874
0.375 -2 2.65754
0.375 -1.9375 2.61082
0.375 -1.875 2.56479
0.375 -1.8125 2.51946
0.375 -1.75 2.47487
0.375 -1.6875 2.43108
0.375 -1.625 2.38812
0.375 -1.5625 2.34604
0.375 -1.5 2.30489
0.375 -1.4375 2.26471
0.375 -1.375 2.22556
0.375 -1.3125 2.1875
0.375 -1.25 2.15058
0.375 -1.1875 2.11487
0.375 -1.125 2.08041
0.375 -1.0625 2.04729
0.375 -1 2.01556
0.375 -0.9375 1.9853
0.375 -0.875 1.95656
0.375 -0.8125 1.92942
0.375 -0.75 1.90394
0.375 -0.6875 1.8802
0.375 -0.625 1.85826
0.375 -0.5625 1.83818
0.375 -0.5 1.82003
0.375 -0.4375 1.80386
0.375 -0.375 1.78973
0.375 -0.3125 1.77768
0.375 -0.25 1.76777
0.375 -0.1875 1.76002
0.375 -0.125 1.75446
0.375 -0.0625 1.75112
0.375 0 1.75
0.375 0.0625 1.75112
0.375 0.125 1.75446
0.375 0.1875 1.76002
0.375 0.25 1.76777
0.375 0.3125 1.77768
0.375 0.375 1.78973
0.375 0.4375 1.80386
0.375 0.5 1.82003
0.375 0.5625 1.83818
0.375 0.625 1.85826
0.375 0.6875 1.8802
0.375 0.75 1.90394
0.375 0.8125 1.92942
0.375 0.875 1.95656
0.375 0.9375 1.9853
0.375 1 2.01556
0.375 1.0625 2.04729
0.375 1.125 2.08041
0.375 1.1875 2.11487
0.375 1.25 2.15058
0.375 1.3125 2.1875
0.375 1.375 2.22556
0.375 1.4375 2.26471
0.375 1.5 2.30489
0.375 1.5625 2.34604
0.375 1.625 2.38812
0.375 1.6875 2.43108
0.375 1.75 2.47487
0.375 1.8125 2.51946
0.375 1.875 2.56479
0.375 1.9375 2.61082
0.4375 -2 2.74146
0.4375 -1.9375 2.69621
0.4375 -1.875 2.65165
0.4375 -1.8125 2.60783
0.4375 -1.75 2.56479
0.4375 -1.6875 2.52255
0.4375 -1.625 2.48118
0.4375 -1.5625 2.4407
0.4375 -1.5 2.40117
0.4375 -1.4375 2.36263
0.4375 -1.375 2.32513
0.4375 -1.3125 2.28873
0.4375 -1.25 2.25347
0.4375 -1.1875 2.21941
0.4375 -1.125 2.18661
0.4375 -1.0625 2.15512
0.4375 -1 2.125
0.4375 -0.9375 2.09631
0.4375 -0.875 2.06912
0.4375 -0.8125 2.04347
0.4375 -0.75 2.01944
0.4375 -0.6875 1.99707
0.4375 -0.625 1.97642
0.4375 -0.5625 1.95756
0.4375 -0.5 1.94052
0.4375 -0.4375 1.92537
0.4375 -0.375 1.91213
0.4375 -0.3125 1.90086
0.4375 -0.25 1.89159
0.4375 -0.1875 1.88435
0.4375 -0.125 1.87916
0.4375 -0.0625 1.87604
0.4375 0 1.875
0.4375 0.0625 1.87604
0.4375 0.125 1.87916
0.4375 0.1875 1.88435
0.4375 0.25 1.89159
0.4375 0.3125 1.90086
0.4375 0.375 1.91213
0.4375 0.4375 1.92537
0.4375 0.5 1.94052
0.4375 0.5625 1.95756
0.4375 0.625 1.97642
0.4375 0.6875 1.99707
0.4375 0.75 2.01944
0.4375 0.8125 2.04347
0.4375 0.875 2.06912
0.4375 0.9375 2.09631
0.4375 1 2.125
0.4375 1.0625 2.15512
0.4375 1.125 2.18661
0.4375 1.1875 2.21941
0.4375 1.25 2.25347
0.4375 1.3125 2.28873
0.4375 1.375 2.32513
0.4375 1.4375 2.36263
0.4375 1.5 2.40117
0.4375 1.5625 2.4407
0.4375 1.625 2.48118
0.4375 1.6875 2.52255
0.4375 1.75 2.56479
0.4375 1.8125 2.60783
0.4375 1.875 2.65165
0.4375 1.9375 2.69621
0.5 -2 2.82843
0.5 -1.9375 2.78458
0.5 -1.875 2.74146
0.5 -1.8125 2.6991
0.5 -1.75 2.65754
0.5 -1.6875 2.6168
0.5 -1.625 2.57694
0.5 -1.5625 2.53799
0.5 -1.5 2.5
0.5 -1.4375 2.46301
0.5 -1.375 2.42706
0.5 -1.3125 2.39221
0.5 -1.25 2.3585
0.5 -1.1875 2.32597
0.5 -1.125 2.29469
0.5 -1.0625 2.26471
0.5 -1 2.23607
0.5 -0.9375 2.20882
0.5 -0.875 2.18303
0.5 -0.8125 2.15874
0.5 -0.75 2.136
0.5 -0.6875 2.11487
0.5 -0.625 2.09538
0.5 -0.5625 2.0776
0.5 -0.5 2.06155
0.5 -0.4375 2.04729
0.5 -0.375 2.03485
0.5 -0.3125 2.02427
0.5 -0.25 2.01556
0.5 -0.1875 2.00877
0.5 -0.125 2.0039
0.5 -0.0625 2.00098
0.5 0 2
0.5 0.0625 2.00098
0.5 0.125 2.0039
0.5 0.1875 2.00877
0.5 0.25 2.01556
0.5 0.3125 2.02427
0.5 0.375 2.03485
0.5 0.4375 2.04729
0.5 0.5 2.06155
0.5 0.5625 2.0776
0.5 0.625 2.09538
0.5 0.6875 2.11487
0.5 0.75 2.136
0.5 0.8125 2.15874
0.5 0.875 2.18303
0.5 0.9375 2.20882
0.5 1 2.23607
0.5 1.0625 2.26471
0.5 1.125 2.29469
0.5 1.1875 2.32597
0.5 1.25 2.3585
0.5 1.3125 2.39221
0.5 1.375 2.42706
0.5 1.4375 2.46301
0.5 1.5 2.5
0.5 1.5625 2.53799
0.5 1.625 2.57694
0.5 1.6875 2.6168
0.5 1.75 2.65754
0.5 1.8125 2.6991
0.5 1.875 2.74146
0.5 1.9375 2.78458
0.5625 -2 2.91815
0.5625 -1.9375 2.87568
0.5625 -1.875 2.83395
0.5625 -1.8125 2.79299
0.5625 -1.75 2.75284
0.5625 -1.6875 2.71354
0.5625 -1.625 2.67512
0.5625 -1.5625 2.63762
0.5625 -1.5 2.60108
0.5625 -1.4375 2.56555
0.5625 -1.375 2.53106
0.5625 -1.3125 2.49766
0.5625 -1.25 2.46539
0.5625 -1.1875 2.43429
0.5625 -1.125 2.40442
0.5625 -1.0625 2.37582
0.5625 -1 2.34854
0.5625 -0.9375 2.32261
0.5625 -0.875 2.2981
0.5625 -0.8125 2.27503
0.5625 -0.75 2.25347
0.5625 -0.6875 2.23345
0.5625 -0.625 2.21501
0.5625 -0.5625 2.19819
0.5625 -0.5 2.18303
0.5625 -0.4375 2.16957
0.5625 -0.375 2.15783
0.5625 -0.3125 2.14786
0.5625 -0.25 2.13966
0.5625 -0.1875 2.13326
0.5625 -0.125 2.12867
0.5625 -0.0625 2.12592
0.5625 0 2.125
0.5625 0.0625 2.12592
0.5625 0.125 2.12867
0.5625 0.1875 2.13326
0.5625 0.25 2.13966
0.5625 0.3125 2.14786
0.5625 0.375 2.15783
0.5625 0.4375 2.16957
0.5625 0.5 2.18303
0.5625 0.5625 2.19819
0.5625 0.625 2.21501
0.5625 0.6875 2.23345
0.5625 0.75 2.25347
0.5625 0.8125 2.27503
0.5625 0.875 2.2981
0.5625 0.9375 2.32261
0.5625 1 2.34854
0.5625 1.0625 2.37582
0.5625 1.125 2.40442
0.5625 1.1875 2.43429
0.5625 1.25 2.46539
0.5625 1.3125 2.49766
0.5625 1.375 2.53106
0.5625 1.4375 2.56555
0.5625 1.5 2.60108
0.5625 1.5625 2.63762
0.5625 1.625 2.67512
0.5625 1.6875 2.71354
0.5625 1.75 2.75284
0.5625 1.8125 2.79299
0.5625 1.875 2.83395
0.5625 1.9375 2.87568
0.625 -2 3.0104
0.625 -1.9375 2.96924
0.625 -1.875 2.92884
0.625 -1.8125 2.88923
0.625 -1.75 2.85044
0.625 -1.6875 2.8125
0.625 -1.625 2.77545
0.625 -1.5625 2.73933
0.625 -1.5 2.70416
0.625 -1.4375 2.67
0.625 -1.375 2.63688
0.625 -1.3125 2.60483
0.625 -1.25 2.57391
0.625 -1.1875 2.54414
0.625 -1.125 2.51558
0.625 -1.0625 2.48825
0.625 -1 2.46221
0.625 -0.9375 2.4375
0.625 -0.875 2.41415
0.625 -0.8125 2.39221
0.625 -0.75 2.37171
0.625 -0.6875 2.35269
0.625 -0.625 2.33519
0.625 -0.5625 2.31925
0.625 -0.5 2.30489
0.625 -0.4375 2.29214
0.625 -0.375 2.28104
0.625 -0.3125 2.2716
0.625 -0.25 2.26385
0.625 -0.1875 2.2578
0.625 -0.125 2.25347
0.625 -0.0625 2.25087
0.625 0 2.25
0.625 0.0625 2.25087
0.625 0.125 2.25347
0.625 0.1875 2.2578
0.625 0.25 2.26385
0.625 0.3125 2.2716
0.625 0.375 2.28104
0.625 0.4375 2.29214
0.625 0.5 2.30489
0.625 0.5625 2.31925
0.625 0.625 2.33519
0.625 0.6875 2.35269
0.625 0.75 2.37171
0.625 0.8125 2.39221
0.625 0.875 2.41415
0.625 0.9375 2.4375
0.625 1 2.46221
0.625 1.0625 2.48825
0.625 1.125 2.51558
0.625 1.1875 2.54414
0.625 1.25 2.57391
0.625 1.3125 2.60483
0.625 1.375 2.63688
0.625 1.4375 2.67
0.625 1.5 2.70416
0.625 1.5625 2.73933
0.625 1.625 2.77545
0.625 1.6875 2.8125
0.625 1.75 2.85044
0.625 1.8125 2.88923
0.625 1.875 2.92884
0.625 1.9375 2.96924
0.6875 -2 3.10494
0.6875 -1.9375 3.06505
0.6875 -1.875 3.02593
0.6875 -1.8125 2.9876
0.6875 -1.75 2.95011
0.6875 -1.6875 2.91347
0.6875 -1.625 2.87772
0.6875 -1.5625 2.84289
0.6875 -1.5 2.80903
0.6875 -1.4375 2.77615
0.6875 -1.375 2.74431
0.6875 -1.3125 2.71354
0.6875 -1.25 2.68386
0.6875 -1.1875 2.65533
0.6875 -1.125 2.62797
0.6875 -1.0625 2.60183
0.6875 -1 2.57694
0.6875 -0.9375 2.55334
0.6875 -0.875 2.53106
0.6875 -0.8125 2.51014
0.6875 -0.75 2.49061
0.6875 -0.6875 2.47251
0.6875 -0.625 2.45586
0.6875 -0.5625 2.4407
0.6875 -0.5 2.42706
0.6875 -0.4375 2.41496
0.6875 -0.375 2.40442
0.6875 -0.3125 2.39547
0.6875 -0.25 2.38812
0.6875 -0.1875 2.38239
0.6875 -0.125 2.37829
0.6875 -0.0625 2.37582
0.6875 0 2.375
0.6875 0.0625 2.37582
0.6875 0.125 2.37829
0.6875 0.1875 2.38239
0.6875 0.25 2.38812
0.6875 0.3125 2.39547
0.6875 0.375 2.40442
0.6875 0.4375 2.41496
0.6875 0.5 2.42706
0.6875 0.5625 2.4407
0.6875 0.625 2.45586
0.6875 0.6875 2.47251
0.6875 0.75 2.49061
0.6875 0.8125 2.51014
0.6875 0.875 2.53106
0.6875 0.9375 2.55334
0.6875 1 2.57694
0.6875 1.0625 2.60183
0.6875 1.125 2.62797
0.6875 1.1875 2.65533
0.6875 1.25 2.68386
0.6875 1.3125 2.71354
0.6875 1.375 2.74431
0.6875 1.4375 2.77615
0.6875 1.5 2.80903
0.6875 1.5625 2.84289
0.6875 1.625 2.87772
0.6875 1.6875 2.91347
0.6875 1.75 2.95011
0.6875 1.8125 2.9876
0.6875 1.875 3.02593
0.6875 1.9375 3.06505
0.75 -2 3.20156
0.75 -1.9375 3.1629
0.75 -1.875 3.125
0.75 -1.8125 3.0879
0.75 -1.75 3.05164
0.75 -1.6875 3.01623
0.75 -1.625 2.98172
0.75 -1.5625 2.94812
0.75 -1.5 2.91548
0.75 -1.4375 2.88382
0.75 -1.375 2.85318
0.75 -1.3125 2.82359
0.75 -1.25 2.79508
0.75 -1.1875 2.7677
0.75 -1.125 2.74146
0.75 -1.0625 2.71641
0.75 -1 2.69258
0.75 -0.9375 2.67
0.75 -0.875 2.6487
0.75 -0.8125 2.62872
0.75 -0.75 2.61008
0.75 -0.6875 2.59281
0.75 -0.625 2.57694
0.75 -0.5625 2.5625
0.75 -0.5 2.54951
0.75 -0.4375 2.53799
0.75 -0.375 2.52797
0.75 -0.3125 2.51946
0.75 -0.25 2.51247
0.75 -0.1875 2.50702
0.75 -0.125 2.50312
0.75 -0.0625 2.50078
0.75 0 2.5
0.75 0.0625 2.50078
0.75 0.125 2.50312
0.75 0.1875 2.50702
0.75 0.25 2.51247
0.75 0.3125 2.51946
0.75 0.375 2.52797
0.75 0.4375 2.53799
0.75 0.5 2.54951
0.75 0.5625 2.5625
0.75 0.625 2.57694
0.75 0.6875 2.59281
0.75 0.75 2.61008
0.75 0.8125 2.62872
0.75 0.875 2.6487
0.75 0.9375 2.67
0.75 1 2.69258
0.75 1.0625 2.71641
0.75 1.125 2.74146
0.75 1.1875 2.7677
0.75 1.25 2.79508
0.75 1.3125 2.82359
0.75 1.375 2.85318
0.75 1.4375 2.88382
0.75 1.5 2.91548
0.75 1.5625 2.94812
0.75 1.625 2.98172
0.75 1.6875 3.01623
0.75 1.75 3.05164
0.75 1.8125 3.0879
0.75 1.875 3.125
0.75 1.9375 3.1629
0.8125 -2 3.30009
0.8125 -1.9375 3.2626
0.8125 -1.875 3.22587
0.8125 -1.8125 3.18995
0.8125 -1.75 3.15486
0.8125 -1.6875 3.12062
0.8125 -1.625 3.08727
0.8125 -1.5625 3.05484
0.8125 -1.5 3.02335
0.8125 -1.4375 2.99283
0.8125 -1.375 2.96332
0.8125 -1.3125 2.93484
0.8125 -1.25 2.90743
0.8125 -1.1875 2.88111
0.8125 -1.125 2.85591
0.8125 -1.0625 2.83188
0.8125 -1 2.80903
0.8125 -0.9375 2.78739
0.8125 -0.875 2.76699
0.8125 -0.8125 2.74787
0.8125 -0.75 2.73004
0.8125 -0.6875 2.71354
0.8125 -0.625 2.69838
0.8125 -0.5625 2.68459
0.8125 -0.5 2.67219
0.8125 -0.4375 2.66121
0.8125 -0.375 2.65165
0.8125 -0.3125 2.64354
0.8125 -0.25 2.63688
0.8125 -0.1875 2.63169
0.8125 -0.125 2.62797
0.8125 -0.0625 2.62574
0.8125 0 2.625
0.8125 0.0625 2.62574
0.8125 0.125 2.62797
0.8125 0.1875 2.63169
0.8125 0.25 2.63688
0.8125 0.3125 2.64354
0.8125 0.375 2.65165
0.8125 0.4375 2.66121
0.8125 0.5 2.67219
0.8125 0.5625 2.68459
0.8125 0.625 2.69838
0.8125 0.6875 2.71354
0.8125 0.75 2.73004
0.8125 0.8125 2.74787
0.8125 0.875 2.76699
0.8125 0.9375 2.78739
0.8125 1 2.80903
0.8125 1.0625 2.83188
0.8125 1.125 2.85591
0.8125 1.1875 2.88111
0.8125 1.25 2.90743
0.8125 1.3125 2.93484
0.8125 1.375 2.96332
0.8125 1.4375 2.99283
0.8125 1.5 3.02335
0.8125 1.5625 3.05484
0.8125 1.625 3.08727
0.8125 1.6875 3.12062
0.8125 1.75 3.15486
0.8125 1.8125 3.18995
0.8125 1.875 3.22587
0.8125 1.9375 3.2626
0.875 -2 3.40037
0.875 -1.9375 3.36399
0.875 -1.875 3.32838
0.875 -1.8125 3.29358
0.875 -1.75 3.2596
0.875 -1.6875 3.22648
0.875 -1.625 3.19423
0.875 -1.5625 3.1629
0.875 -1.5 3.13249
0.875 -1.4375 3.10305
0.875 -1.375 3.07459
0.875 -1.3125 3.04716
0.875 -1.25 3.02076
0.875 -1.1875 2.99544
0.875 -1.125 2.97122
0.875 -1.0625 2.94812
0.875 -1 2.92617
0.875 -0.9375 2.90541
0.875 -0.875 2.88585
0.875 -0.8125 2.86752
0.875 -0.75 2.85044
0.875 -0.6875 2.83464
0.875 -0.625 2.82013
0.875 -0.5625 2.80694
0.875 -0.5 2.79508
0.875 -0.4375 2.78458
0.875 -0.375 2.77545
0.875 -0.3125 2.7677
0.875 -0.25 2.76134
0.875 -0.1875 2.75638
0.875 -0.125 2.75284
0.875 -0.0625 2.75071
0.875 0 2.75
0.875 0.0625 2.75071
0.875 0.125 2.75284
0.875 0.1875 2.75638
0.875 0.25 2.76134
0.875 0.3125 2.7677
0.875 0.375 2.77545
0.875 0.4375 2.78458
0.875 0.5 2.79508
0.875 0.5625 2.80694
0.875 0.625 2.82013
0.875 0.6875 2.83464
0.875 0.75 2.85044
0.875 0.8125 2.86752
0.875 0.875 2.88585
0.875 0.9375 2.90541
0.875 1 2.92617
0.875 1.0625 2.94812
0.875 1.125 2.97122
0.875 1.1875 2.99544
0.875 1.25 3.02076
0.875 1.3125 3.04716
0.875 1.375 3.07459
0.875 1.4375 3.10305
0.875 1.5 3.13249
0.875 1.5625 3.1629
0.875 1.625 3.19423
0.875 1.6875 3.22648
0.875 1.75 3.2596
0.875 1.8125 3.29358
0.875 1.875 3.32838
0.875 1.9375 3.36399
0.9375 -2 3.50223
0.9375 -1.9375 3.46692
0.9375 -1.875 3.43238
0.9375 -1.8125 3.39864
0.9375 -1.75 3.36573
0.9375 -1.6875 3.33366
0.9375 -1.625 3.30246
0.9375 -1.5625 3.27216
0.9375 -1.5 3.24278
0.9375 -1.4375 3.21435
0.9375 -1.375 3.18689
0.9375 -1.3125 3.16042
0.9375 -1.25 3.13498
0.9375 -1.1875 3.11059
0.9375 -1.125 3.08727
0.9375 -1.0625 3.06505
0.9375 -1 3.04395
0.9375 -0.9375 3.02399
0.9375 -0.875 3.0052
0.9375 -0.8125 2.9876
0.9375 -0.75 2.97122
0.9375 -0.6875 2.95606
0.9375 -0.625 2.94215
0.9375 -0.5625 2.92951
0.9375 -0.5 2.91815
0.9375 -0.4375 2.9081
0.9375 -0.375 2.89935
0.9375 -0.3125 2.89193
0.9375 -0.25 2.88585
0.9375 -0.1875 2.88111
0.9375 -0.125 2.87772
0.9375 -0.0625 2.87568
0.9375 0 2.875
0.9375 0.0625 2.87568
0.9375 0.125 2.87772
0.9375 0.1875 2.88111
0.9375 0.25 2.88585
0.9375 0.3125 2.89193
0.9375 0.375 2.89935
0.9375 0.4375 2.9081
0.9375 0.5 2.91815
0.9375 0.5625 2.92951
0.9375 0.625 2.94215
0.9375 0.6875 2.95606
0.9375 0.75 2.97122
0.9375 0.8125 2.9876
0.9375 0.875 3.0052
0.9375 0.9375 3.02399
0.9375 1 3.04395
0.9375 1.0625 3.06505
0.9375 1.125 3.08727
0.9375 1.1875 3.11059
0.9375 1.25 3.13498
0.9375 1.3125 3.16042
0.9375 1.375 3.18689
0.9375 1.4375 3.21435
0.9375 1.5 3.24278
0.9375 1.5625 3.27216
0.9375 1.625 3.30246
0.9375 1.6875 3.33366
0.9375 1.75 3.36573
0.9375 1.8125 3.39864
0.9375 1.875 3.43238
0.9375 1.9375 3.46692
1 -2 3.60555
1 -1.9375 3.57126
1 -1.875 3.53774
1 -1.8125 3.50502
1 -1.75 3.47311
1 -1.6875 3.44204
1 -1.625 3.41184
1 -1.5625 3.38251
1 -1.5 3.3541
1 -1.4375 3.32662
1 -1.375 3.30009
1 -1.3125 3.27455
1 -1.25 3.25
1 -1.1875 3.22648
1 -1.125 3.204
1 -1.0625 3.18259
1 -1 3.16228
1 -0.9375 3.14307
1 -0.875 3.125
1 -0.8125 3.10808
1 -0.75 3.09233
1 -0.6875 3.07777
1 -0.625 3.06441
1 -0.5625 3.05228
1 -0.5 3.04138
1 -0.4375 3.03173
1 -0.375 3.02335
1 -0.3125 3.01623
1 -0.25 3.0104
1 -0.1875 3.00585
1 -0.125 3.0026
1 -0.0625 3.00065
1 0 3
1 0.0625 3.00065
1 0.125 3.0026
1 0.1875 3.00585
1 0.25 3.0104
1 0.3125 3.01623
1 0.375 3.02335
1 0.4375 3.03173
1 0.5 3.04138
1 0.5625 3.05228
1 0.625 3.06441
1 0.6875 3.07777
1 0.75 3.09233
1 0.8125 3.10808
1 0.875 3.125
1 0.9375 3.14307
1 1 3.16228
1 1.0625 3.18259
1 1.125 3.204
1 1.1875 3.22648
1 1.25 3.25
1 1.3125 3.27455
1 1.375 3.30009
1 1.4375 3.32662
1 1.5 3.3541
1 1.5625 3.38251
1 1.625 3.41184
1 1.6875 3.44204
1 1.75 3.47311
1 1.8125 3.50502
1 1.875 3.53774
1 1.9375 3.57126
1.0625 -2 3.71021
1.0625 -1.9375 3.67689
1.0625 -1.875 3.64434
1.0625 -1.8125 3.61259
1.0625 -1.75 3.58164
1.0625 -1.6875 3.55152
1.0625 -1.625 3.52225
1.0625 -1.5625 3.49386
1.0625 -1.5 3.46636
1.0625 -1.4375 3.43977
1.0625 -1.375 3.41413
1.0625 -1.3125 3.38944
1.0625 -1.25 3.36573
1.0625 -1.1875 3.34302
1.0625 -1.125 3.32133
1.0625 -1.0625 3.30069
1.0625 -1 3.2811
1.0625 -0.9375 3.2626
1.0625 -0.875 3.24519
1.0625 -0.8125 3.2289
1.0625 -0.75 3.21374
1.0625 -0.6875 3.19973
1.0625 -0.625 3.18689
1.0625 -0.5625 3.17522
1.0625 -0.5 3.16475
1.0625 -0.4375 3.15548
1.0625 -0.375 3.14742
1.0625 -0.3125 3.14059
1.0625 -0.25 3.13498
1.0625 -0.1875 3.13062
1.0625 -0.125 3.1275
1.0625 -0.0625 3.12562
1.0625 0 3.125
1.0625 0.0625 3.12562
1.0625 0.125 3.1275
1.0625 0.1875 3.13062
1.0625 0.25 3.13498
1.0625 0.3125 3.14059
1.0625 0.375 3.14742
1.0625 0.4375 3.15548
1.0625 0.5 3.16475
1.0625 0.5625 3.17522
1.0625 0.625 3.18689
1.0625 0.6875 3.19973
1.0625 0.75 3.21374
1.0625 0.8125 3.2289
1.0625 0.875 3.24519
1.0625 0.9375 3.2626
1.0625 1 3.2811
1.0625 1.0625 3.30069
1.0625 1.125 3.32133
1.0625 1.1875 3.34302
1.0625 1.25 3.36573
1.0625 1.3125 3.38944
1.0625 1.375 3.41413
1.0625 1.4375 3.43977
1.0625 1.5 3.46636
1.0625 1.5625 3.49386
1.0625 1.625 3.52225
1.0625 1.6875 3.55152
1.0625 1.75 3.58164
1.0625 1.8125 3.61259
1.0625 1.875 3.64434
1.0625 1.9375 3.67689
1.125 -2 3.81608
1.125 -1.9375 3.7837
1.125 -1.875 3.75208
1.125 -1.8125 3.72124
1.125 -1.75 3.69121
1.125 -1.6875 3.66199
1.125 -1.625 3.63361
1.125 -1.5625 3.60609
1.125 -1.5 3.57946
1.125 -1.4375 3.55372
1.125 -1.375 3.5289
1.125 -1.3125 3.50502
1.125 -1.25 3.4821
1.125 -1.1875 3.46015
1.125 -1.125 3.4392
1.125 -1.0625 3.41927
1.125 -1 3.40037
1.125 -0.9375 3.38251
1.125 -0.875 3.36573
1.125 -0.8125 3.35002
1.125 -0.75 3.33542
1.125 -0.6875 3.32192
1.125 -0.625 3.30955
1.125 -0.5625 3.29832
1.125 -0.5 3.28824
1.125 -0.4375 3.27931
1.125 -0.375 3.27156
1.125 -0.3125 3.26499
1.125 -0.25 3.2596
1.125 -0.1875 3.2554
1.125 -0.125 3.2524
1.125 -0.0625 3.2506
1.125 0 3.25
1.125 0.0625 3.2506
1.125 0.125 3.2524
1.125 0.1875 3.2554
1.125 0.25 3.2596
1.125 0.3125 3.26499
1.125 0.375 3.27156
1.125 0.4375 3.27931
1.125 0.5 3.28824
1.125 0.5625 3.29832
1.125 0.625 3.30955
1.125 0.6875 3.32192
1.125 0.75 3.33542
1.125 0.8125 3.35002
1.125 0.875 3.36573
1.125 0.9375 3.38251
1.125 1 3.40037
1.125 1.0625 3.41927
1.125 1.125 3.4392
1.125 1.1875 3.46015
1.125 1.25 3.4821
1.125 1.3125 3.50502
1.125 1.375 3.5289
1.125 1.4375 3.55372
1.125 1.5 3.57946
1.125 1.5625 3.60609
1.125 1.625 3.63361
1.125 1.6875 3.66199
1.125 1.75 3.69121
1.125 1.8125 3.72124
1.125 1.875 3.75208
1.125 1.9375 3.7837
1.1875 -2 3.92309
1.1875 -1.9375 3.8916
1.1875 -1.875 3.86086
1.1875 -1.8125 3.8309
1.1875 -1.75 3.80173
1.1875 -1.6875 3.77336
1.1875 -1.625 3.74583
1.1875 -1.5625 3.71914
1.1875 -1.5 3.69332
1.1875 -1.4375 3.66838
1.1875 -1.375 3.64434
1.1875 -1.3125 3.62123
1.1875 -1.25 3.59905
1.1875 -1.1875 3.57782
1.1875 -1.125 3.55756
1.1875 -1.0625 3.53829
1.1875 -1 3.52003
1.1875 -0.9375 3.50279
1.1875 -0.875 3.48658
1.1875 -0.8125 3.47142
1.1875 -0.75 3.45733
1.1875 -0.6875 3.44431
1.1875 -0.625 3.43238
1.1875 -0.5625 3.42155
1.1875 -0.5 3.41184
1.1875 -0.4375 3.40324
1.1875 -0.375 3.39577
1.1875 -0.3125 3.38944
1.1875 -0.25 3.38425
1.1875 -0.1875 3.3802
1.1875 -0.125 3.37731
1.1875 -0.0625 3.37558
1.1875 0 3.375
1.1875 0.0625 3.37558
1.1875 0.125 3.37731
1.1875 0.1875 3.3802
1.1875 0.25 3.38425
1.1875 0.3125 3.38944
1.1875 0.375 3.39577
1.1875 0.4375 3.40324
1.1875 0.5 3.41184
1.1875 0.5625 3.42155
1.1875 0.625 3.43238
1.1875 0.6875 3.44431
1.1875 0.75 3.45733
1.1875 0.8125 3.47142
1.1875 0.875 3.48658
1.1875 0.9375 3.50279
1.1875 1 3.52003
1.1875 1.0625 3.53829
1.1875 1.125 3.55756
1.1875 1.1875 3.57782
1.1875 1.25 3.59905
1.1875 1.3125 3.62123
1.1875 1.375 3.64434
1.1875 1.4375 3.66838
1.1875 1.5 3.69332
1.1875 1.5625 3.71914
1.1875 1.625 3.74583
1.1875 1.6875 3.77336
1.1875 1.75 3.80173
1.1875 1.8125 3.8309
1.1875 1.875 3.86086
1.1875 1.9375 3.8916
1.25 -2 4.03113
1.25 -1.9375 4.00049
1.25 -1.875 3.9706
1.25 -1.8125 3.94147
1.25 -1.75 3.91312
1.25 -1.6875 3.88557
1.25 -1.625 3.85884
1.25 -1.5625 3.83294
1.25 -1.5 3.80789
1.25 -1.4375 3.7837
1.25 -1.375 3.7604
1.25 -1.3125 3.738
1.25 -1.25 3.71652
1.25 -1.1875 3.69596
1.25 -1.125 3.67636
1.25 -1.0625 3.65772
1.25 -1 3.64005
1.25 -0.9375 3.62338
1.25 -0.875 3.60772
1.25 -0.8125 3.59307
1.25 -0.75 3.57946
1.25 -0.6875 3.56688
1.25 -0.625 3.55537
1.25 -0.5625 3.54491
1.25 -0.5 3.53553
1.25 -0.4375 3.52724
1.25 -0.375 3.52003
1.25 -0.3125 3.51392
1.25 -0.25 3.50892
1.25 -0.1875 3.50502
1.25 -0.125 3.50223
1.25 -0.0625 3.50056
1.25 0 3.5
1.25 0.0625 3.50056
1.25 0.125 3.50223
1.25 0.1875 3.50502
1.25 0.25 3.50892
1.25 0.3125 3.51392
1.25 0.375 3.52003
1.25 0.4375 3.52724
1.25 0.5 3.53553
1.25 0.5625 3.54491
1.25 0.625 3.55537
1.25 0.6875 3.56688
1.25 0.75 3.57946
1.25 0.8125 3.59307
1.25 0.875 3.60772
1.25 0.9375 3.62338
1.25 1 3.64005
1.25 1.0625 3.65772
1.25 1.125 3.67636
1.25 1.1875 3.69596
1.25 1.25 3.71652
1.25 1.3125 3.738
1.25 1.375 3.7604
1.25 1.4375 3.7837
1.25 1.5 3.80789
1.25 1.5625 3.83294
1.25 1.625 3.85884
1.25 1.6875 3.88557
1.25 1.75 3.91312
1.25 1.8125 3.94147
1.25 1.875 3.9706
1.25 1.9375 4.00049
1.3125 -2 4.14012
1.3125 -1.9375 4.1103
1.3125 -1.875 4.08121
1.3125 -1.8125 4.05287
1.3125 -1.75 4.02531
1.3125 -1.6875 3.99853
1.3125 -1.625 3.97256
1.3125 -1.5625 3.94741
1.3125 -1.5 3.92309
1.3125 -1.4375 3.89962
1.3125 -1.375 3.87702
1.3125 -1.3125 3.85529
1.3125 -1.25 3.83447
1.3125 -1.1875 3.81455
1.3125 -1.125 3.79556
1.3125 -1.0625 3.7775
1.3125 -1 3.7604
1.3125 -0.9375 3.74427
1.3125 -0.875 3.72911
1.3125 -0.8125 3.71494
1.3125 -0.75 3.70177
1.3125 -0.6875 3.68962
1.3125 -0.625 3.67848
1.3125 -0.5625 3.66838
1.3125 -0.5 3.65932
1.3125 -0.4375 3.65131
1.3125 -0.375 3.64434
1.3125 -0.3125 3.63844
1.3125 -0.25 3.63361
1.3125 -0.1875 3.62985
1.3125 -0.125 3.62715
1.3125 -0.0625 3.62554
1.3125 0 3.625
1.3125 0.0625 3.62554
1.3125 0.125 3.62715
1.3125 0.1875 3.62985
1.3125 0.25 3.63361
1.3125 0.3125 3.63844
1.3125 0.375 3.64434
1.3125 0.4375 3.65131
1.3125 0.5 3.65932
1.3125 0.5625 3.66838
1.3125 0.625 3.67848
1.3125 0.6875 3.68962
1.3125 0.75 3.70177
1.3125 0.8125 3.71494
1.3125 0.875 3.72911
1.3125 0.9375 3.74427
1.3125 1 3.7604
1.3125 1.0625 3.7775
1.3125 1.125 3.79556
1.3125 1.1875 3.81455
1.3125 1.25 3.83447
1.3125 1.3125 3.85529
1.3125 1.375 3.87702
1.3125 1.4375 3.89962
1.3125 1.5 3.92309
1.3125 1.5625 3.94741
1.3125 1.625 3.97256
1.3125 1.6875 3.99853
1.3125 1.75 4.02531
1.3125 1.8125 4.05287
1.3125 1.875 4.08121
1.3125 1.9375 4.1103
1.375 -2 4.25
1.375 -1.9375 4.22095
1.375 -1.875 4.19263
1.375 -1.8125 4.16505
1.375 -1.75 4.13824
1.375 -1.6875 4.1122
1.375 -1.625 4.08695
1.375 -1.5625 4.0625
1.375 -1.5 4.03887
1.375 -1.4375 4.01608
1.375 -1.375 3.99414
1.375 -1.3125 3.97305
1.375 -1.25 3.95285
1.375 -1.1875 3.93353
1.375 -1.125 3.91511
1.375 -1.0625 3.89762
1.375 -1 3.88104
1.375 -0.9375 3.86541
1.375 -0.875 3.85073
1.375 -0.8125 3.83701
1.375 -0.75 3.82426
1.375 -0.6875 3.8125
1.375 -0.625 3.80173
1.375 -0.5625 3.79195
1.375 -0.5 3.78319
1.375 -0.4375 3.77543
1.375 -0.375 3.7687
1.375 -0.3125 3.763
1.375 -0.25 3.75832
1.375 -0.1875 3.75468
1.375 -0.125 3.75208
1.375 -0.0625 3.75052
1.375 0 3.75
1.375 0.0625 3.75052
1.375 0.125 3.75208
1.375 0.1875 3.75468
1.375 0.25 3.75832
1.375 0.3125 3.763
1.375 0.375 3.7687
1.375 0.4375 3.77543
1.375 0.5 3.78319
1.375 0.5625 3.79195
1.375 0.625 3.80173
1.375 0.6875 3.8125
1.375 0.75 3.82426
1.375 0.8125 3.83701
1.375 0.875 3.85073
1.375 0.9375 3.86541
1.375 1 3.88104
1.375 1.0625 3.89762
1.375 1.125 3.91511
1.375 1.1875 3.93353
1.375 1.25 3.95285
1.375 1.3125 3.97305
1.375 1.375 3.99414
1.375 1.4375 4.01608
1.375 1.5 4.03887
1.375 1.5625 4.0625
1.375 1.625 4.08695
1.375 1.6875 4.1122
1.375 1.75 4.13824
1.375 1.8125 4.16505
1.375 1.875 4.19263
1.375 1.9375 4.22095
1.4375 -2 4.36069
1.4375 -1.9375 4.33238
1.4375 -1.875 4.30479
1.4375 -1.8125 4.27794
1.4375 -1.75 4.25184
1.4375 -1.6875 4.2265
1.4375 -1.625 4.20193
1.4375 -1.5625 4.17816
1.4375 -1.5 4.15519
1.4375 -1.4375 4.13304
1.4375 -1.375 4.11172
1.4375 -1.3125 4.09124
1.4375 -1.25 4.07162
1.4375 -1.1875 4.05287
1.4375 -1.125 4.035
1.4375 -1.0625 4.01803
1.4375 -1 4.00195
1.4375 -0.9375 3.98679
1.4375 -0.875 3.97256
1.4375 -0.8125 3.95927
1.4375 -0.75 3.94691
1.4375 -0.6875 3.93552
1.4375 -0.625 3.92508
1.4375 -0.5625 3.91561
1.4375 -0.5 3.90712
1.4375 -0.4375 3.89962
1.4375 -0.375 3.8931
1.4375 -0.3125 3.88758
1.4375 -0.25 3.88306
1.4375 -0.1875 3.87953
1.4375 -0.125 3.87702
1.4375 -0.0625 3.8755
1.4375 0 3.875
1.4375 0.0625 3.8755
1.4375 0.125 3.87702
1.4375 0.1875 3.87953
1.4375 0.25 3.88306
1.4375 0.3125 3.88758
1.4375 0.375 3.8931
1.4375 0.4375 3.89962
1.4375 0.5 3.90712
1.4375 0.5625 3.91561
1.4375 0.625 3.92508
1.4375 0.6875 3.93552
1.4375 0.75 3.94691
1.4375 0.8125 3.95927
1.4375 0.875 3.97256
1.4375 0.9375 3.98679
1.4375 1 4.00195
1.4375 1.0625 4.01803
1.4375 1.125 4.035
1.4375 1.1875 4.05287
1.4375 1.25 4.07162
1.4375 1.3125 4.09124
1.4375 1.375 4.11172
1.4375 1.4375 4.13304
1.4375 1.5 4.15519
1.4375 1.5625 4.17816
1.4375 1.625 4.20193
1.4375 1.6875 4.2265
1.4375 1.75 4.25184
1.4375 1.8125 4.27794
1.4375 1.875 4.30479
1.4375 1.9375 4.33238
1.5 -2 4.47214
1.5 -1.9375 4.44454
1.5 -1.875 4.41765
1.5 -1.8125 4.39149
1.5 -1.75 4.36606
1.5 -1.6875 4.34139
1.5 -1.625 4.31748
1.5 -1.5625 4.29435
1.5 -1.5 4.272
1.5 -1.4375 4.25046
1.5 -1.375 4.22973
1.5 -1.3125 4.20983
1.5 -1.25 4.19076
1.5 -1.1875 4.17255
1.5 -1.125 4.15519
1.5 -1.0625 4.13871
1.5 -1 4.12311
1.5 -0.9375 4.10839
1.5 -0.875 4.09458
1.5 -0.8125 4.08169
1.5 -0.75 4.06971
1.5 -0.6875 4.05865
1.5 -0.625 4.04853
1.5 -0.5625 4.03936
1.5 -0.5 4.03113
1.5 -0.4375 4.02385
1.5 -0.375 4.01754
1.5 -0.3125 4.01219
1.5 -0.25 4.0078
1.5 -0.1875 4.00439
1.5 -0.125 4.00195
1.5 -0.0625 4.00049
1.5 0 4
1.5 0.0625 4.00049
1.5 0.125 4.00195
1.5 0.1875 4.00439
1.5 0.25 4.0078
1.5 0.3125 4.01219
1.5 0.375 4.01754
1.5 0.4375 4.02385
1.5 0.5 4.03113
1.5 0.5625 4.03936
1.5 0.625 4.04853
1.5 0.6875 4.05865
1.5 0.75 4.06971
1.5 0.8125 4.08169
1.5 0.875 4.09458
1.5 0.9375 4.10839
1.5 1 4.12311
1.5 1.0625 4.13871
1.5 1.125 4.15519
1.5 1.1875 4.17255
1.5 1.25 4.19076
1.5 1.3125 4.20983
1.5 1.375 4.22973
1.5 1.4375 4.25046
1.5 1.5 4.272
1.5 1.5625 4.29435
1.5 1.625 4.31748
1.5 1.6875 4.34139
1.5 1.75 4.36606
1.5 1.8125 4.39149
1.5 1.875 4.41765
1.5 1.9375 4.44454
1.5625 -2 4.58428
1.5625 -1.9375 4.55736
1.5625 -1.875 4.53114
1.5625 -1.8125 4.50564
1.5625 -1.75 4.48086
1.5625 -1.6875 4.45682
1.5625 -1.625 4.43354
1.5625 -1.5625 4.41101
1.5625 -1.5 4.38926
1.5625 -1.4375 4.3683
1.5625 -1.375 4.34813
1.5625 -1.3125 4.32877
1.5625 -1.25 4.31023
1.5625 -1.1875 4.29253
1.5625 -1.125 4.27566
1.5625 -1.0625 4.25964
1.5625 -1 4.24448
1.5625 -0.9375 4.23019
1.5625 -0.875 4.21678
1.5625 -0.8125 4.20426
1.5625 -0.75 4.19263
1.5625 -0.6875 4.1819
1.5625 -0.625 4.17208
1.5625 -0.5625 4.16318
1.5625 -0.5 4.15519
1.5625 -0.4375 4.14814
1.5625 -0.375 4.14201
1.5625 -0.3125 4.13682
1.5625 -0.25 4.13257
1.5625 -0.1875 4.12926
1.5625 -0.125 4.12689
1.5625 -0.0625 4.12547
1.5625 0 4.125
1.5625 0.0625 4.12547
1.5625 0.125 4.12689
1.5625 0.1875 4.12926
1.5625 0.25 4.13257
1.5625 0.3125 4.13682
1.5625 0.375 4.14201
1.5625 0.4375 4.14814
1.5625 0.5 4.15519
1.5625 0.5625 4.16318
1.5625 0.625 4.17208
1.5625 0.6875 4.1819
1.5625 0.75 4.19263
1.5625 0.8125 4.20426
1.5625 0.875 4.21678
1.5625 0.9375 4.23019
1.5625 1 4.24448
1.5625 1.0625 4.25964
1.5625 1.125 4.27566
1.5625 1.1875 4.29253
1.5625 1.25 4.31023
1.5625 1.3125 4.32877
1.5625 1.375 4.34813
1.5625 1.4375 4.3683
1.5625 1.5 4.38926
1.5625 1.5625 4.41101
1.5625 1.625 4.43354
1.5625 1.6875 4.45682
1.5625 1.75 4.48086
1.5625 1.8125 4.50564
1.5625 1.875 4.53114
1.5625 1.9375 4.55736
1.625 -2 4.69707
1.625 -1.9375 4.6708
1.625 -1.875 4.64523
1.625 -1.8125 4.62035
1.625 -1.75 4.59619
1.625 -1.6875 4.57276
1.625 -1.625 4.55007
1.625 -1.5625 4.52812
1.625 -1.5 4.50694
1.625 -1.4375 4.48652
1.625 -1.375 4.46689
1.625 -1.3125 4.44805
1.625 -1.25 4.43001
1.625 -1.1875 4.41278
1.625 -1.125 4.39638
1.625 -1.0625 4.3808
1.625 -1 4.36606
1.625 -0.9375 4.35217
1.625 -0.875 4.33914
1.625 -0.8125 4.32697
1.625 -0.75 4.31567
1.625 -0.6875 4.30525
1.625 -0.625 4.29571
1.625 -0.5625 4.28706
1.625 -0.5 4.27931
1.625 -0.4375 4.27246
1.625 -0.375 4.26651
1.625 -0.3125 4.26147
1.625 -0.25 4.25735
1.625 -0.1875 4.25413
1.625 -0.125 4.25184
1.625 -0.0625 4.25046
1.625 0 4.25
1.625 0.0625 4.25046
1.625 0.125 4.25184
1.625 0.1875 4.25413
1.625 0.25 4.25735
1.625 0.3125 4.26147
1.625 0.375 4.26651
1.625 0.4375 4.27246
1.625 0.5 4.27931
1.625 0.5625 4.28706
1.625 0.625 4.29571
1.625 0.6875 4.30525
1.625 0.75 4.31567
1.625 0.8125 4.32697
1.625 0.875 4.33914
1.625 0.9375 4.35217
1.625 1 4.36606
1.625 1.0625 4.3808
1.625 1.125 4.39638
1.625 1.1875 4.41278
1.625 1.25 4.43001
1.625 1.3125 4.44805
1.625 1.375 4.46689
1.625 1.4375 4.48652
1.625 1.5 4.50694
1.625 1.5625 4.52812
1.625 1.625 4.55007
1.625 1.6875 4.57276
1.625 1.75 4.59619
1.625 1.8125 4.62035
1.625 1.875 4.64523
1.625 1.9375 4.6708
1.6875 -2 4.81047
1.6875 -1.9375 4.78482
1.6875 -1.875 4.75986
1.6875 -1.8125 4.73559
1.6875 -1.75 4.71202
1.6875 -1.6875 4.68917
1.6875 -1.625 4.66704
1.6875 -1.5625 4.64565
1.6875 -1.5 4.625
1.6875 -1.4375 4.60511
1.6875 -1.375 4.58598
1.6875 -1.3125 4.56763
1.6875 -1.25 4.55007
1.6875 -1.1875 4.5333
1.6875 -1.125 4.51733
1.6875 -1.0625 4.50217
1.6875 -1 4.48783
1.6875 -0.9375 4.47432
1.6875 -0.875 4.46164
1.6875 -0.8125 4.44981
1.6875 -0.75 4.43882
1.6875 -0.6875 4.42869
1.6875 -0.625 4.41942
1.6875 -0.5625 4.41101
1.6875 -0.5 4.40348
1.6875 -0.4375 4.39682
1.6875 -0.375 4.39104
1.6875 -0.3125 4.38615
1.6875 -0.25 4.38214
1.6875 -0.1875 4.37902
1.6875 -0.125 4.37679
1.6875 -0.0625 4.37545
1.6875 0 4.375
1.6875 0.0625 4.37545
1.6875 0.125 4.37679
1.6875 0.1875 4.37902
1.6875 0.25 4.38214
1.6875 0.3125 4.38615
1.6875 0.375 4.39104
1.6875 0.4375 4.39682
1.6875 0.5 4.40348
1.6875 0.5625 4.41101
1.6875 0.625 4.41942
1.6875 0.6875 4.42869
1.6875 0.75 4.43882
1.6875 0.8125 4.44981
1.6875 0.875 4.46164
1.6875 0.9375 4.47432
1.6875 1 4.48783
1.6875 1.0625 4.50217
1.6875 1.125 4.51733
1.6875 1.1875 4.5333
1.6875 1.25 4.55007
1.6875 1.3125 4.56763
1.6875 1.375 4.58598
1.6875 1.4375 4.60511
1.6875 1.5 4.625
1.6875 1.5625 4.64565
1.6875 1.625 4.66704
1.6875 1.6875 4.68917
1.6875 1.75 4.71202
1.6875 1.8125 4.73559
1.6875 1.875 4.75986
1.6875 1.9375 4.78482
1.75 -2 4.92443
1.75 -1.9375 4.89938
1.75 -1.875 4.875
1.75 -1.8125 4.8513
1.75 -1.75 4.8283
1.75 -1.6875 4.806
1.75 -1.625 4.78441
1.75 -1.5625 4.76355
1.75 -1.5 4.74342
1.75 -1.4375 4.72402
1.75 -1.375 4.70538
1.75 -1.3125 4.6875
1.75 -1.25 4.67039
1.75 -1.1875 4.65405
1.75 -1.125 4.63849
1.75 -1.0625 4.62373
1.75 -1 4.60977
1.75 -0.9375 4.59662
1.75 -0.875 4.58428
1.75 -0.8125 4.57276
1.75 -0.75 4.56207
1.75 -0.6875 4.55221
1.75 -0.625 4.5432
1.75 -0.5625 4.53502
1.75 -0.5 4.52769
1.75 -0.4375 4.52122
1.75 -0.375 4.5156
1.75 -0.3125 4.51084
1.75 -0.25 4.50694
1.75 -0.1875 4.5039
1.75 -0.125 4.50174
1.75 -0.0625 4.50043
1.75 0 4.5
1.75 0.0625 4.50043
1.75 0.125 4.50174
1.75 0.1875 4.5039
1.75 0.25 4.50694
1.75 0.3125 4.51084
1.75 0.375 4.5156
1.75 0.4375 4.52122
1.75 0.5 4.52769
1.75 0.5625 4.53502
1.75 0.625 4.5432
1.75 0.6875 4.55221
1.75 0.75 4.56207
1.75 0.8125 4.57276
1.75 0.875 4.58428
1.75 0.9375 4.59662
1.75 1 4.60977
1.75 1.0625 4.62373
1.75 1.125 4.63849
1.75 1.1875 4.65405
1.75 1.25 4.67039
1.75 1.3125 4.6875
1.75 1.375 4.70538
1.75 1.4375 4.72402
1.75 1.5 4.74342
1.75 1.5625 4.76355
1.75 1.625 4.78441
1.75 1.6875 4.806
1.75 1.75 4.8283
1.75 1.8125 4.8513
1.75 1.875 4.875
1.75 1.9375 4.89938
1.8125 -2 5.03891
1.8125 -1.9375 5.01443
1.8125 -1.875 4.99062
1.8125 -1.8125 4.96747
1.8125 -1.75 4.94501
1.8125 -1.6875 4.92324
1.8125 -1.625 4.90217
1.8125 -1.5625 4.88181
1.8125 -1.5 4.86216
1.8125 -1.4375 4.84325
1.8125 -1.375 4.82506
1.8125 -1.3125 4.80763
1.8125 -1.25 4.79094
1.8125 -1.1875 4.77502
1.8125 -1.125 4.75986
1.8125 -1.0625 4.74547
1.8125 -1 4.73187
1.8125 -0.9375 4.71906
1.8125 -0.875 4.70704
1.8125 -0.8125 4.69583
1.8125 -0.75 4.68542
1.8125 -0.6875 4.67582
1.8125 -0.625 4.66704
1.8125 -0.5625 4.65908
1.8125 -0.5 4.65195
1.8125 -0.4375 4.64565
1.8125 -0.375 4.64018
1.8125 -0.3125 4.63555
1.8125 -0.25 4.63175
1.8125 -0.1875 4.6288
1.8125 -0.125 4.62669
1.8125 -0.0625 4.62542
1.8125 0 4.625
1.8125 0.0625 4.62542
1.8125 0.125 4.62669
1.8125 0.1875 4.6288
1.8125 0.25 4.63175
1.8125 0.3125 4.63555
1.8125 0.375 4.64018
1.8125 0.4375 4.64565
1.8125 0.5 4.65195
1.8125 0.5625 4.65908
1.8125 0.625 4.66704
1.8125 0.6875 4.67582
1.8125 0.75 4.68542
1.8125 0.8125 4.69583
1.8125 0.875 4.70704
1.8125 0.9375 4.71906
1.8125 1 4.73187
1.8125 1.0625 4.74547
1.8125 1.125 4.75986
1.8125 1.1875 4.77502
1.8125 1.25 4.79094
1.8125 1.3125 4.80763
1.8125 1.375 4.82506
1.8125 1.4375 4.84325
1.8125 1.5 4.86216
1.8125 1.5625 4.88181
1.8125 1.625 4.90217
1.8125 1.6875 4.92324
1.8125 1.75 4.94501
1.8125 1.8125 4.96747
1.8125 1.875 4.99062
1.8125 1.9375 5.01443
1.875 -2 5.15388
1.875 -1.9375 5.12995
1.875 -1.875 5.10667
1.875 -1.8125 5.08406
1.875 -1.75 5.06211
1.875 -1.6875 5.04085
1.875 -1.625 5.02027
1.875 -1.5625 5.00039
1.875 -1.5 4.98121
1.875 -1.4375 4.96275
1.875 -1.375 4.94501
1.875 -1.3125 4.928
1.875 -1.25 4.91172
1.875 -1.1875 4.89619
1.875 -1.125 4.88141
1.875 -1.0625 4.86738
1.875 -1 4.85412
1.875 -0.9375 4.84163
1.875 -0.875 4.82992
1.875 -0.8125 4.81899
1.875 -0.75 4.80885
1.875 -0.6875 4.7995
1.875 -0.625 4.79094
1.875 -0.5625 4.78319
1.875 -0.5 4.77624
1.875 -0.4375 4.77011
1.875 -0.375 4.76478
1.875 -0.3125 4.76027
1.875 -0.25 4.75657
1.875 -0.1875 4.7537
1.875 -0.125 4.75164
1.875 -0.0625 4.75041
1.875 0 4.75
1.875 0.0625 4.75041
1.875 0.125 4.75164
1.875 0.1875 4.7537
1.875 0.25 4.75657
1.875 0.3125 4.76027
1.875 0.375 4.76478
1.875 0.4375 4.77011
1.875 0.5 4.77624
1.875 0.5625 4.78319
1.875 0.625 4.79094
1.875 0.6875 4.7995
1.875 0.75 4.80885
1.875 0.8125 4.81899
1.875 0.875 4.82992
1.875 0.9375 4.84163
1.875 1 4.85412
1.875 1.0625 4.86738
1.875 1.125 4.88141
1.875 1.1875 4.89619
1.875 1.25 4.91172
1.875 1.3125 4.928
1.875 1.375 4.94501
1.875 1.4375 4.96275
1.875 1.5 4.98121
1.875 1.5625 5.00039
1.875 1.625 5.02027
1.875 1.6875 5.04085
1.875 1.75 5.06211
1.875 1.8125 5.08406
1.875 1.875 5.10667
1.875 1.9375 5.12995
1.9375 -2 5.26931
1.9375 -1.9375 5.24591
1.9375 -1.875 5.22315
1.9375 -1.8125 5.20104
1.9375 -1.75 5.17959
1.9375 -1.6875 5.15881
1.9375 -1.625 5.1387
1.9375 -1.5625 5.11928
1.9375 -1.5 5.10055
1.9375 -1.4375 5.08252
1.9375 -1.375 5.0652
1.9375 -1.3125 5.04859
1.9375 -1.25 5.03271
1.9375 -1.1875 5.01755
1.9375 -1.125 5.00312
1.9375 -1.0625 4.98944
1.9375 -1 4.97651
1.9375 -0.9375 4.96433
1.9375 -0.875 4.9529
1.9375 -0.8125 4.94224
1.9375 -0.75 4.93235
1.9375 -0.6875 4.92324
1.9375 -0.625 4.9149
1.9375 -0.5625 4.90734
1.9375 -0.5 4.90057
1.9375 -0.4375 4.89459
1.9375 -0.375 4.8894
1.9375 -0.3125 4.88501
1.9375 -0.25 4.88141
1.9375 -0.1875 4.8786
1.9375 -0.125 4.8766
1.9375 -0.0625 4.8754
1.9375 0 4.875
1.9375 0.0625 4.8754
1.9375 0.125 4.8766
1.9375 0.1875 4.8786
1.9375 0.25 4.88141
1.9375 0.3125 4.88501
1.9375 0.375 4.8894
1.9375 0.4375 4.89459
1.9375 0.5 4.90057
1.9375 0.5625 4.90734
1.9375 0.625 4.9149
1.9375 0.6875 4.92324
1.9375 0.75 4.93235
1.9375 0.8125 4.94224
1.9375 0.875 4.9529
1.9375 0.9375 4.96433
1.9375 1 4.97651
1.9375 1.0625 4.98944
1.9375 1.125 5.00312
1.9375 1.1875 5.01755
1.9375 1.25 5.03271
1.9375 1.3125 5.04859
1.9375 1.375 5.0652
1.9375 1.4375 5.08252
1.9375 1.5 5.10055
1.9375 1.5625 5.11928
1.9375 1.625 5.1387
1.9375 1.6875 5.15881
1.9375 1.75 5.17959
1.9375 1.8125 5.20104
1.9375 1.875 5.22315
1.9375 1.9375 5.24591
