matrix A=
      6.13       -2.9       5.86 
      8.08      -6.31      -3.89 
     -4.36          1       0.19 

vector
      6.23
      5.37
      2.29

solution x=
   -1.1379
  -2.83303
  0.851459

check: A*x should be equal b:
      6.23
      5.37
      2.29

hilbert matrix 4th ordermatrix H
         1        0.5   0.333333       0.25 
       0.5   0.333333       0.25        0.2 
  0.333333       0.25        0.2   0.166667 
      0.25        0.2   0.166667   0.142857 

eigenvalues
   1.50021
  0.169141
0.00673827
9.67023e-05

eigenvectors
  0.792608   0.582076  -0.179186 -0.0291933 
  0.451923  -0.370502   0.741918   0.328712 
  0.322416  -0.509579  -0.100228  -0.791411 
  0.252161  -0.514048  -0.638283   0.514553 

