10000 1.573259903047865781999803 0.01112152195284019443044521
15000 1.569682901203024893987958 0.009062273992057006885558756
20000 1.584251226734604500734349 0.007851586727321707009918939
25000 1.576598086190099001768772 0.006996730468734275835973602
30000 1.574803333359189094764474 0.00641336732983531585677861
35000 1.568364880983906584077658 0.00594650352221282301606875
40000 1.571914173944935377846832 0.005549338942224042725559485
45000 1.578800830311142711082084 0.005228307326790660250481757
50000 1.575403618142332096141445 0.004968669310835768793133127
55000 1.559859706451936389726143 0.004730261887145578714175542
60000 1.570377260278554620853697 0.004541666239719376052530464
65000 1.573602665418332158253634 0.004363781020670671507988292
70000 1.571533148461236484294545 0.004203916905505607377879773
75000 1.57393987483420683126667 0.004058464716636804928140414
80000 1.574201818661430607448892 0.003929402578460334562182599
85000 1.569445749995028949186349 0.003815225115851123179055993
90000 1.566551621285767303959346 0.003702703394615100909725847
95000 1.571108207799924327829899 0.003610531738243801750526396
