10000 1.570796326794896557998982 0
15000 1.570796326794896557998982 0
20000 1.570796326794896557998982 0
25000 1.570796326794896557998982 5.551115123125782702118158e-17
30000 1.570796326794896557998982 0
35000 1.570796326794896557998982 0
40000 1.570796326794896557998982 0
45000 1.570796326794896557998982 0
50000 1.570796326794896557998982 1.110223024625156540423632e-16
55000 1.570796326794896557998982 1.110223024625156540423632e-16
60000 1.570796326794896557998982 0
65000 1.570796326794896557998982 0
70000 1.570796326794896557998982 1.110223024625156540423632e-16
75000 1.570796326794896557998982 0
80000 1.570796326794896335954377 1.110223024625156540423632e-16
85000 1.570796326794896335954377 1.110223024625156540423632e-16
90000 1.570796326794896557998982 0
95000 1.570796326794896557998982 0
