  0 0.000000 
  5 0.000000 
 10 0.000000 
 15 0.000000 
 20 0.000000 
 25 0.000000 
 30 0.000000 
 35 0.000000 
 40 0.000000 
 45 0.000000 
 50 0.000000 
 55 0.000000 
 60 0.000000 
 65 0.015625 
 70 0.000000 
 75 0.000000 
 80 0.000000 
 85 0.000000 
 90 0.000000 
 95 0.000000 
100 0.000000 
105 0.015625 
110 0.000000 
115 0.000000 
120 0.000000 
125 0.015625 
130 0.015625 
135 0.015625 
140 0.015625 
145 0.015625 
150 0.015625 
155 0.031250 
160 0.031250 
165 0.015625 
170 0.015625 
175 0.031250 
180 0.031250 
185 0.046875 
190 0.046875 
195 0.046875 
200 0.046875 
205 0.062500 
210 0.062500 
215 0.062500 
220 0.078125 
225 0.062500 
230 0.062500 
235 0.093750 
240 0.093750 
245 0.078125 
250 0.109375 
255 0.187500 
260 0.109375 
265 0.125000 
270 0.125000 
275 0.125000 
280 0.140625 
285 0.171875 
290 0.171875 
295 0.156250 
