  0 0.000000 
  5 0.000000 
 10 0.000000 
 15 0.000000 
 20 0.000000 
 25 0.000000 
 30 0.000000 
 35 0.000000 
 40 0.000000 
 45 0.015625 
 50 0.000000 
 55 0.000000 
 60 0.015625 
 65 0.000000 
 70 0.000000 
 75 0.015625 
 80 0.015625 
 85 0.031250 
 90 0.015625 
 95 0.031250 
100 0.031250 
105 0.031250 
110 0.031250 
115 0.046875 
120 0.062500 
125 0.046875 
130 0.062500 
135 0.062500 
140 0.078125 
145 0.078125 
150 0.093750 
155 0.078125 
160 0.109375 
165 0.109375 
170 0.125000 
175 0.125000 
180 0.140625 
185 0.156250 
190 0.156250 
195 0.171875 
200 0.203125 
205 0.203125 
210 0.203125 
215 0.234375 
220 0.250000 
225 0.250000 
230 0.281250 
235 0.296875 
240 0.296875 
245 0.343750 
250 0.343750 
255 0.453125 
260 0.375000 
265 0.375000 
270 0.468750 
275 0.468750 
280 0.515625 
285 0.546875 
290 0.546875 
295 0.562500 
