       0.1    9999.75    10.1802  0.0720663 
  0.449724    9998.83    10.8357    0.33431 
    1.2112    9996.63    12.4088   0.963738 
   2.43083    9992.43    15.4033    2.16242 
   4.01463    9985.48    20.3676    4.15111 
   5.78348    9975.07    27.7953     7.1301 
   7.42616    9962.03    37.1002    10.8681 
   8.76025    9948.25    46.9247    14.8223 
    9.9439       9933    57.7936    19.2059 
    10.981    9916.76    69.3563    23.8797 
   11.8947     9899.8    81.4303    28.7716 
   12.7094    9882.22    93.9326    33.8496 
   13.4446    9864.07    106.829     39.101 
   14.1155    9845.37    120.105    44.5214 
   14.7642    9825.13    134.469    50.4023 
   15.3483    9804.88    148.826    56.2972 
    15.912    9783.33    164.089    62.5833 
   16.4506    9760.73    180.082    69.1907 
    16.936    9738.53    195.777    75.6962 
   17.4056    9715.27    212.205    82.5284 
    17.857    9691.13    229.233    89.6343 
   18.2894    9666.26    246.761    96.9756 
   18.7031    9640.75    264.721    104.525 
   19.0992    9614.67    283.064    112.265 
   19.4786    9588.06    301.755    120.183 
   19.8427    9560.96    320.772    128.271 
   20.1927    9533.37      340.1    136.526 
   20.5297    9505.33     359.73    144.944 
   20.8549    9476.82    379.654    153.524 
   21.1692    9447.86    399.869    162.268 
   21.4734    9418.45    420.371    171.175 
   21.7684    9388.59    441.158    180.247 
   22.0549    9358.28    462.231    189.486 
   22.3335    9327.52    483.587    198.894 
   22.6048     9296.3    505.226    208.472 
   22.8694    9264.63    527.149    218.223 
   23.1277     9232.5    549.355    228.149 
   23.3801     9199.9    571.843    238.252 
    23.627    9166.85    594.614    248.536 
   23.8689    9133.33    617.669    259.003 
   24.1059    9099.34    641.007    269.656 
   24.3385    9064.87    664.629    280.497 
   24.5668    9029.93    688.536    291.531 
   24.7913    8994.51    712.727     302.76 
    25.012    8958.61    737.205    314.188 
   25.2293    8922.21     761.97    325.819 
   25.4433    8885.32    787.023    337.657 
   25.6543    8847.93    812.366    349.705 
   25.8624    8810.03    837.999    361.969 
   26.0678    8771.62    863.926    374.452 
   26.2707    8732.69    890.147     387.16 
   26.4712    8693.24    916.665    400.098 
   26.6695    8653.25    943.481    413.271 
   26.8658    8612.72    970.599    426.685 
   27.0601    8571.63    998.022    440.346 
   27.2527    8529.99    1025.75    454.261 
   27.4436    8487.77    1053.79    468.436 
   27.6329    8444.97    1082.15    482.878 
   27.8208    8401.58    1110.82    497.596 
   28.0075    8357.59    1139.82    512.597 
    28.193    8312.97    1169.14     527.89 
   28.3774    8267.72    1198.79    543.484 
   28.5608    8221.82    1228.79    559.388 
   28.7435    8175.26    1259.12    575.614 
   28.9254    8128.02    1289.81    592.172 
   29.1067    8080.08    1320.85    609.074 
   29.2875    8031.42    1352.25    626.332 
   29.4679    7982.02    1384.02     643.96 
    29.648    7931.85    1416.18    661.973 
   29.8279     7880.9    1448.71    680.385 
   30.0079    7829.14    1481.65    699.213 
   30.1879    7776.53    1514.99    718.475 
    30.368    7723.05    1548.76    738.189 
   30.5485    7668.68    1582.95    758.377 
   30.7295    7613.36    1617.58     779.06 
    30.911    7557.07    1652.67    800.262 
   31.0933    7499.77    1688.22    822.008 
   31.2764    7441.41    1724.26    844.326 
   31.4606    7381.95     1760.8    867.247 
   31.6459    7321.35    1797.85    890.801 
   31.8326    7259.53    1835.44    915.024 
   32.0208    7196.47    1873.58    939.954 
   32.2107    7132.08    1912.29    965.631 
   32.4025    7066.31    1951.59    992.099 
   32.5964     6999.1     1991.5     1019.4 
   32.7926    6930.37    2032.03     1047.6 
   32.9914    6860.06    2073.21    1076.73 
   33.1928    6788.09    2115.04    1106.86 
   33.3972    6714.41    2157.55    1138.05 
   33.6046    6638.93    2200.72    1170.34 
   33.8154    6561.62    2244.57    1203.81 
   34.0297    6482.44    2289.06     1238.5 
   34.2474    6401.38    2334.18    1274.45 
   34.4687    6318.46    2379.84     1311.7 
   34.6933    6233.76    2425.99    1350.26 
   34.9211    6147.41    2472.48    1390.11 
   35.1515    6059.64    2519.17    1431.19 
   35.3841    5970.74    2565.84    1473.42 
   35.6178    5881.07    2612.28    1516.65 
   35.8518    5791.09    2658.21     1560.7 
    36.085    5701.27    2703.37    1605.36 
   36.3163    5612.12    2747.49    1650.39 
   36.5447    5524.08    2790.35    1695.57 
   36.7693    5437.57    2831.76    1740.66 
   36.9894     5352.9     2871.6    1785.51 
   37.2046    5270.29    2909.77    1829.94 
   37.4147    5189.88    2946.25    1873.87 
   37.6194    5111.73    2981.05    1917.22 
    37.819    5035.84    3014.21    1959.96 
   38.0135    4962.17    3045.77    2002.06 
   38.2033    4890.64    3075.81    2043.55 
   38.3885    4821.15    3104.42    2084.44 
   38.5695    4753.59    3131.65    2124.75 
   38.7466    4687.87     3157.6    2164.53 
   38.9201    4623.85    3182.33    2203.82 
   39.0903    4561.45    3205.91    2242.64 
   39.2574    4500.55    3228.41    2281.04 
   39.4217    4441.06    3249.88    2319.06 
   39.5834     4382.9    3270.37    2356.73 
   39.7428    4325.98    3289.95    2394.08 
   39.9001    4270.22    3308.64    2431.14 
   40.0554    4215.57    3326.49    2467.94 
   40.2089    4161.95    3343.53    2504.52 
   40.3608    4109.31     3359.8    2540.89 
   40.5113    4057.59    3375.33    2577.08 
   40.6604    4006.74    3390.15    2613.11 
   40.8083    3956.72    3404.28       2649 
   40.9551    3907.49    3417.73    2684.77 
    41.101    3859.01    3430.54    2720.44 
   41.2459    3811.24    3442.73    2756.03 
   41.3902    3764.15    3454.29    2791.56 
   41.5337    3717.71    3465.26    2827.03 
   41.6766    3671.88    3475.65    2862.46 
   41.8191    3626.65    3485.47    2897.88 
   41.9611    3581.99    3494.73    2933.28 
   42.1028    3537.87    3503.44    2968.69 
   42.2442    3494.28     3511.6    3004.12 
   42.3853    3451.18    3519.24    3039.58 
   42.5264    3408.57    3526.36    3075.07 
   42.6674    3366.43    3532.95    3110.62 
   42.8084    3324.73    3539.04    3146.23 
   42.9494    3283.46    3544.62    3181.92 
   43.0906    3242.61     3549.7    3217.69 
    43.232    3202.16    3554.28    3253.55 
   43.3736    3162.11    3558.37    3289.52 
   43.5155    3122.42    3561.97     3325.6 
   43.6577     3083.1    3565.09    3361.81 
   43.8004    3044.13    3567.71    3398.16 
   43.9435     3005.5    3569.85    3434.65 
   44.0872    2967.21    3571.51    3471.29 
   44.2314    2929.23    3572.68    3508.09 
   44.3763    2891.56    3573.36    3545.07 
   44.5219     2854.2    3573.57    3582.24 
   44.6682    2817.12    3573.29    3619.59 
   44.8154    2780.34    3572.52    3657.15 
   44.9634    2743.83    3571.26    3694.92 
   45.1124    2707.59    3569.51    3732.91 
   45.2623    2671.61    3567.27    3771.13 
   45.4133    2635.89    3564.53    3809.59 
   45.5654    2600.41    3561.29     3848.3 
   45.7187    2565.18    3557.54    3887.28 
   45.8733    2530.19    3553.29    3926.52 
   46.0291    2495.43    3548.52    3966.05 
   46.1863    2460.89    3543.24    4005.87 
    46.345    2426.58    3537.43    4045.99 
   46.5051    2392.48     3531.1    4086.42 
   46.6669     2358.6    3524.22    4127.18 
   46.8303    2324.92    3516.81    4168.27 
   46.9954    2291.44    3508.85    4209.71 
   47.1624    2258.17    3500.33    4251.51 
   47.3312    2225.09    3491.24    4293.67 
   47.5021     2192.2    3481.58    4336.22 
    47.675    2159.51    3471.34    4379.15 
     47.85       2127    3460.51    4422.49 
   48.0273    2094.68    3449.08    4466.25 
    48.207    2062.53    3437.04    4510.43 
   48.3891    2030.57    3424.37    4555.05 
   48.5737    1998.79    3411.08    4600.13 
    48.761    1967.19    3397.15    4645.67 
    48.951    1935.76    3382.56    4691.68 
   49.1439    1904.51     3367.3    4738.18 
   49.3398    1873.44    3351.37    4785.19 
   49.5388    1842.54    3334.75     4832.7 
    49.741    1811.83    3317.43    4880.74 
   49.9465    1781.29     3299.4    4929.31 
   50.1555    1750.93    3280.64    4978.43 
   50.3681    1720.75    3261.14    5028.11 
   50.5845    1690.76    3240.89    5078.35 
   50.8047    1660.95    3219.88    5129.17 
   51.0289    1631.34    3198.09    5180.57 
   51.2573    1601.93    3175.51    5232.56 
     51.49    1572.72    3152.14    5285.14 
   51.7271    1543.72    3127.96    5338.32 
   51.9688    1514.93    3102.96    5392.11 
   52.2152    1486.37    3077.14    5446.49 
   52.4664    1458.04    3050.48    5501.48 
   52.7227    1429.96    3022.98    5557.06 
   52.9841    1402.12    2994.65    5613.23 
   53.2507    1374.55    2965.47    5669.99 
   53.5226    1347.25    2935.44    5727.31 
   53.8001    1320.24    2904.58    5785.18 
   54.0832    1293.53    2872.89    5843.58 
   54.3719    1267.13    2840.37     5902.5 
   54.6664    1241.06    2807.04    5961.89 
   54.9667    1215.34    2772.91    6021.75 
   55.2729    1189.98    2738.01    6082.02 
   55.5851    1164.98    2702.35    6142.67 
   55.9032    1140.38    2665.95    6203.66 
   56.2274    1116.18    2628.86    6264.96 
   56.5575     1092.4    2591.09    6326.51 
   56.8937    1069.04    2552.69    6388.27 
   57.2359    1046.13    2513.69    6450.19 
   57.5841    1023.66    2474.12    6512.21 
   57.9383    1001.66    2434.04     6574.3 
   58.2985     980.13    2393.47     6636.4 
   58.6646    959.074    2352.47    6698.46 
   59.0367    938.498    2311.07    6760.43 
   59.4148    918.406    2269.32    6822.28 
   59.7988      898.8    2227.26    6883.94 
   60.1888    879.678    2184.93     6945.4 
   60.5848    861.041    2142.37    7006.59 
   60.9868    842.883    2099.62     7067.5 
    61.395    825.203    2056.72    7128.08 
   61.8093    807.993     2013.7    7188.31 
   62.2299    791.248     1970.6    7248.15 
   62.6569     774.96    1927.45    7307.59 
   63.0905    759.121    1884.27    7366.61 
   63.5307    743.722    1841.11    7425.17 
   63.9777    728.754    1797.98    7483.27 
   64.4319    714.207     1754.9    7540.89 
   64.8933    700.072    1711.91    7598.01 
   65.3623    686.338    1669.03    7654.63 
    65.839    672.996    1626.27    7710.73 
   66.3239    660.034    1583.66    7766.31 
   66.8171    647.443    1541.21    7821.35 
   67.3191    635.213    1498.94    7875.85 
   67.8303    623.334    1456.87     7929.8 
   68.3509    611.796    1415.01    7983.19 
   68.8815    600.589    1373.39    8036.02 
   69.4226    589.705    1332.01    8088.29 
   69.9745    579.134    1290.89    8139.98 
   70.5379    568.868    1250.04    8191.09 
   71.1132    558.898    1209.48    8241.62 
   71.7012    549.215    1169.22    8291.56 
   72.3025    539.813    1129.28    8340.91 
   72.9178    530.684    1089.67    8389.65 
   73.5478     521.82    1050.39    8437.79 
   74.1934    513.214    1011.48    8485.31 
   74.8554    504.859    972.928    8532.21 
   75.5348    496.751    934.764    8578.48 
   76.2327    488.881    896.999    8624.12 
   76.9501    481.245    859.645    8669.11 
   77.6883    473.837     822.72    8713.44 
   78.4486    466.651    786.238    8757.11 
   79.2324    459.684    750.215     8800.1 
   80.0414     452.93    714.667     8842.4 
   80.8774    446.384    679.613       8884 
   81.7421    440.044    645.069    8924.89 
   82.6378    433.904    611.055    8965.04 
   83.5668    427.962     577.59    9004.45 
   84.5318    422.214    544.693    9043.09 
   85.5356    416.657    512.388    9080.96 
   86.5816    411.289    480.696    9118.02 
   87.6734    406.106    449.641    9154.25 
   88.8153    401.108    419.248    9189.64 
    90.012    396.293    389.544    9224.16 
   91.2689    391.658    360.558    9257.78 
   92.5923    387.203    332.319    9290.48 
   93.9895    382.927     304.86    9322.21 
   95.4689     378.83    278.216    9352.95 
   97.0404    374.913    252.424    9382.66 
   98.7159    371.175    227.524     9411.3 
   100.509    367.618     203.56    9438.82 
   102.438    364.243    180.579    9465.18 
   104.522    361.054    158.632    9490.31 
   106.787    358.052    137.776    9514.17 
   109.267    355.243    118.072    9536.68 
   112.002    352.631    99.5891    9557.78 
   115.048    350.221    82.4016    9577.38 
   118.476    348.022    66.5923    9595.39 
   122.387     346.04    52.2527    9611.71 
   126.924    344.286    39.4828    9626.23 
   132.303    342.771    28.3912    9638.84 
   138.865    341.507    19.0925     9649.4 
   147.206    340.506    11.7019    9657.79 
       150    340.252    9.82585    9659.92 
